simID	f0	f1	f2	f3	S_m	thetapi_m	thetaw_m	thetah_m	hprime_m	tajimasd_m	numSing_m	hapdiv_m	rsq_m	D_m	Dprime_m	div_m	S_sd	thetapi_sd	thetaw_sd	thetah_sd	hprime_sd	tajimasd_sd	numSing_sd	hapdiv_sd	rsq_sd	D_sd	Dprime_sd	div_sd
sim1	0.35	0.25	0.25	0.15	769.35	0.01439	0.04442	0.00634	0.30374	-1.96168	0.0	0.73903	0.01833	0.00095	-0.80468	0.2112	131.38634	0.0048	0.00759	0.00388	0.09187	0.33226	0.0	0.0154	0.00565	0.00092	0.09549	0.00838
sim2	0.6	0.35	0.0	0.05	75.88	0.00706	0.00438	0.00384	1.12057	1.73795	0.0	0.70261	0.22017	0.02408	-0.17056	0.17904	24.64958	0.00287	0.00142	0.00247	0.40058	1.13217	0.0	0.02766	0.07025	0.02037	0.33856	0.00783
sim3	0.9	0.05	0.0	0.05	55.33	0.00508	0.00319	0.00275	1.09184	1.68737	0.0	0.6911	0.22743	0.02677	-0.13154	0.1562	17.37295	0.00154	0.001	0.00137	0.37045	1.05485	0.0	0.03428	0.06962	0.02162	0.3319	0.00732
sim4	0.75	0.05	0.1	0.1	1462.57	0.034	0.08445	0.01616	0.35216	-1.74422	0.0	0.74234	0.02241	0.00151	-0.76126	0.23564	262.14154	0.01183	0.01514	0.00857	0.14135	0.38709	0.0	0.01618	0.00839	0.00131	0.11359	0.01593
sim5	0.7	0.2	0.0	0.1	231.65	0.0208	0.01338	0.01051	1.2176	1.54473	0.0	0.72392	0.1942	0.0249	-0.19456	0.22456	78.43718	0.00968	0.00453	0.0077	0.43183	1.23153	0.0	0.01955	0.08082	0.02617	0.37623	0.01604
sim6	0.25	0.6	0.0	0.15	1163.59	0.02849	0.06719	0.01194	0.40856	-1.70636	0.0	0.74435	0.02403	0.00138	-0.76978	0.21935	200.93941	0.01108	0.0116	0.00808	0.13732	0.35194	0.0	0.01479	0.00835	0.00127	0.10351	0.0158
sim7	0.7	0.05	0.1	0.15	1287.64	0.02792	0.07435	0.01319	0.33088	-1.83102	0.0	0.74162	0.01955	0.00117	-0.78321	0.23066	218.66332	0.01056	0.01263	0.00817	0.14549	0.38777	0.0	0.01738	0.00707	0.00102	0.10053	0.0134
sim8	0.2	0.6	0.05	0.15	1010.35	0.02138	0.05834	0.00928	0.34674	-1.84677	0.0	0.74343	0.02003	0.00101	-0.80942	0.22039	195.78536	0.00799	0.0113	0.007	0.10713	0.3874	0.0	0.01541	0.00711	0.00105	0.09651	0.01393
sim9	0.45	0.35	0.0	0.2	1318.27	0.02747	0.07612	0.01132	0.35205	-1.88145	0.0	0.74465	0.01932	0.00118	-0.79495	0.22145	212.55306	0.01336	0.01227	0.00883	0.13919	0.40877	0.0	0.01575	0.00829	0.00128	0.10807	0.01723
sim10	0.55	0.35	0.0	0.1	1552.56	0.0477	0.08964	0.02219	0.46784	-1.39072	0.0	0.74422	0.03198	0.00233	-0.70953	0.22019	240.78547	0.01795	0.0139	0.01324	0.16873	0.46792	0.0	0.01739	0.01547	0.00235	0.13052	0.02284
sim11	0.9	0.0	0.0	0.1	130.47	0.01145	0.00753	0.00609	1.12246	1.46549	0.0	0.71998	0.19143	0.02298	-0.21355	0.21086	38.79432	0.00505	0.00224	0.0045	0.32755	1.28271	0.0	0.02033	0.0758	0.02154	0.34477	0.01081
sim12	0.4	0.35	0.0	0.25	1203.44	0.02131	0.06949	0.00914	0.29265	-2.03348	0.0	0.74478	0.01561	0.00082	-0.82545	0.21385	204.87381	0.00839	0.01183	0.00698	0.11322	0.31533	0.0	0.01674	0.0043	0.00078	0.09136	0.01331
sim13	0.4	0.5	0.0	0.1	1363.06	0.04104	0.0787	0.01733	0.49772	-1.40036	0.0	0.74157	0.03151	0.00234	-0.70031	0.21998	236.76984	0.01345	0.01367	0.00973	0.18177	0.45929	0.0	0.01619	0.01154	0.00197	0.12235	0.01648
sim14	0.1	0.3	0.45	0.15	517.5	0.00917	0.02988	0.00408	0.28165	-2.00752	0.0	0.74101	0.01769	0.0008	-0.82418	0.18172	85.48276	0.00314	0.00494	0.00263	0.08811	0.33203	0.0	0.01701	0.00625	0.00109	0.09844	0.00903
sim15	0.1	0.65	0.15	0.1	887.35	0.02007	0.05124	0.00911	0.35802	-1.75451	0.0	0.73657	0.02329	0.00144	-0.76459	0.21924	184.26202	0.0062	0.01064	0.00518	0.11187	0.37419	0.0	0.01637	0.00883	0.00125	0.10517	0.01037
sim16	0.05	0.1	0.25	0.6	248.08	0.00347	0.01432	0.00133	0.24508	-2.17352	0.0	0.74032	0.01437	0.00046	-0.85505	0.1174	39.49726	0.00098	0.00228	0.00082	0.07618	0.20782	0.0	0.01682	0.00287	0.00052	0.06622	0.00632
sim17	0.05	0.25	0.15	0.55	348.65	0.00468	0.02013	0.00159	0.25119	-2.22114	0.0	0.7434	0.0141	0.00042	-0.86374	0.14111	57.99188	0.00125	0.00335	0.00094	0.06993	0.16747	0.0	0.0162	0.00262	0.00036	0.05217	0.00672
sim18	0.75	0.0	0.0	0.25	1508.57	0.02854	0.0871	0.01314	0.29159	-1.97622	0.0	0.74568	0.01666	0.00111	-0.81292	0.22411	262.91621	0.01305	0.01518	0.01157	0.12621	0.40499	0.0	0.01489	0.00676	0.00128	0.12284	0.01952
sim19	0.7	0.1	0.1	0.1	1384.11	0.03311	0.07992	0.01544	0.36728	-1.71837	0.0	0.74137	0.02215	0.00153	-0.75904	0.2332	197.10126	0.01081	0.01138	0.00929	0.13652	0.37	0.0	0.01614	0.00775	0.00119	0.10546	0.01578
sim20	0.75	0.0	0.2	0.05	1178.41	0.02699	0.06804	0.01298	0.34808	-1.75577	0.0	0.74125	0.02243	0.00141	-0.77703	0.2401	214.17354	0.00972	0.01237	0.00833	0.13904	0.39107	0.0	0.01575	0.00853	0.00115	0.10536	0.01491
sim21	0.5	0.25	0.1	0.15	1128.7	0.0236	0.06517	0.00981	0.3563	-1.85964	0.0	0.74177	0.0193	0.00113	-0.79493	0.22747	194.57799	0.0085	0.01123	0.00659	0.12666	0.36815	0.0	0.01594	0.00685	0.00117	0.10237	0.01376
sim22	0.35	0.2	0.25	0.2	737.92	0.01188	0.04261	0.00452	0.28881	-2.09599	0.0	0.74234	0.01585	0.00069	-0.83961	0.20331	131.49641	0.00412	0.00759	0.00315	0.08023	0.30152	0.0	0.01794	0.00458	0.0009	0.08903	0.00981
sim23	0.6	0.05	0.15	0.2	1019.48	0.01633	0.05886	0.00687	0.27191	-2.10972	0.0	0.74289	0.01521	0.00065	-0.84272	0.2191	170.91421	0.0054	0.00987	0.00472	0.09148	0.27334	0.0	0.01484	0.0045	0.00068	0.08315	0.0112
sim24	0.5	0.25	0.2	0.05	974.71	0.02322	0.05628	0.01156	0.34628	-1.69417	0.0	0.73667	0.02418	0.00147	-0.76915	0.23239	207.32433	0.00754	0.01197	0.00619	0.12639	0.38994	0.0	0.01776	0.00889	0.00165	0.12161	0.01234
sim25	0.7	0.25	0.0	0.05	36.06	0.00318	0.00208	0.00165	1.01398	1.41936	0.0	0.69728	0.19952	0.0217	-0.18877	0.11937	14.49822	0.00126	0.00084	0.00097	0.36264	0.96821	0.0	0.03332	0.06566	0.01889	0.33087	0.00597
sim26	0.7	0.1	0.05	0.15	1464.88	0.03386	0.08458	0.01562	0.35903	-1.75937	0.0	0.73804	0.02234	0.00152	-0.74818	0.23033	215.68731	0.01056	0.01245	0.00906	0.11083	0.34595	0.0	0.01659	0.00821	0.0012	0.10193	0.01669
sim27	0.4	0.1	0.05	0.45	633.84	0.00799	0.0366	0.00278	0.23579	-2.28028	0.0	0.74466	0.01242	0.00032	-0.88634	0.18389	94.95408	0.00264	0.00548	0.00245	0.05242	0.20472	0.0	0.01625	0.00238	0.00034	0.04572	0.00968
sim28	0.25	0.45	0.0	0.3	1058.88	0.01564	0.06114	0.00584	0.26873	-2.17284	0.0	0.74358	0.01385	0.00064	-0.85309	0.20575	168.67004	0.00655	0.00974	0.00524	0.08544	0.31832	0.0	0.01511	0.00478	0.0009	0.09528	0.01121
sim29	0.5	0.4	0.0	0.1	1457.94	0.04246	0.08418	0.01788	0.48816	-1.44387	0.0	0.74342	0.03015	0.00202	-0.71707	0.22415	193.9563	0.01161	0.0112	0.00911	0.18254	0.40891	0.0	0.01569	0.01169	0.00187	0.10989	0.01643
sim30	0.4	0.3	0.0	0.3	1134.46	0.01614	0.0655	0.00658	0.24765	-2.18437	0.0	0.74737	0.01336	0.00061	-0.86987	0.21066	197.3203	0.00655	0.01139	0.00618	0.09482	0.356	0.0	0.01659	0.00577	0.00127	0.1007	0.01309
sim31	0.2	0.35	0.05	0.4	719.3	0.00899	0.04153	0.00318	0.23427	-2.28041	0.0	0.74688	0.012	0.00036	-0.87979	0.18475	112.64905	0.00246	0.0065	0.00228	0.05507	0.19997	0.0	0.01453	0.00237	0.00044	0.05969	0.00837
sim32	0.35	0.55	0.0	0.1	1297.04	0.03784	0.07489	0.01622	0.47642	-1.45275	0.0	0.74134	0.02992	0.0021	-0.71208	0.22196	203.10359	0.01124	0.01173	0.00864	0.16011	0.35317	0.0	0.01437	0.00915	0.0015	0.10427	0.01591
sim33	0.1	0.8	0.0	0.1	1084.17	0.03179	0.0626	0.01357	0.47867	-1.45042	0.0	0.7424	0.03036	0.00185	-0.72851	0.2186	213.21564	0.01139	0.01231	0.00746	0.17215	0.41684	0.0	0.01539	0.01034	0.0016	0.10835	0.015
sim34	0.25	0.4	0.05	0.3	923.43	0.01321	0.05332	0.00495	0.26051	-2.19931	0.0	0.74343	0.01357	0.00052	-0.86343	0.20439	150.46536	0.00495	0.00869	0.00405	0.07809	0.26008	0.0	0.01489	0.00341	0.00057	0.07524	0.00979
sim35	0.8	0.0	0.0	0.2	275.08	0.02638	0.01588	0.01405	1.23846	1.94144	0.0	0.72035	0.20706	0.02876	-0.12036	0.22997	92.39678	0.00993	0.00533	0.00846	0.44745	1.05666	0.0	0.01835	0.06286	0.02095	0.33668	0.01496
sim36	0.2	0.0	0.2	0.6	292.6	0.00424	0.01689	0.0015	0.26458	-2.15901	0.0	0.74217	0.0144	0.00043	-0.86072	0.1269	47.19035	0.00129	0.00272	0.00107	0.07121	0.21581	0.0	0.01598	0.00334	0.00057	0.06328	0.00543
sim37	0.65	0.25	0.0	0.1	101.69	0.00889	0.00587	0.00454	1.16361	1.48329	0.0	0.71501	0.19705	0.02123	-0.2183	0.19428	31.45518	0.00357	0.00182	0.00335	0.38355	1.22099	0.0	0.02151	0.06796	0.01933	0.326	0.00918
sim38	0.05	0.5	0.3	0.15	604.01	0.01064	0.03488	0.0046	0.28939	-2.01936	0.0	0.74181	0.01781	0.00072	-0.83573	0.19793	103.29858	0.00344	0.00596	0.0029	0.08592	0.29282	0.0	0.01487	0.00519	0.00094	0.09061	0.00909
sim39	0.45	0.35	0.15	0.05	1055.52	0.02612	0.06095	0.01258	0.36993	-1.65603	0.0	0.73637	0.02506	0.00176	-0.75175	0.2343	198.67152	0.00949	0.01147	0.00792	0.13604	0.45569	0.0	0.0153	0.01021	0.00198	0.12898	0.01459
sim40	0.45	0.05	0.05	0.45	646.57	0.00869	0.03733	0.003	0.25189	-2.23504	0.0	0.74664	0.01322	0.00047	-0.8678	0.18339	106.36427	0.00371	0.00614	0.0029	0.06925	0.2698	0.0	0.01622	0.00394	0.00073	0.0789	0.00959
sim41	0.35	0.25	0.1	0.3	867.36	0.01205	0.05008	0.00458	0.24848	-2.2215	0.0	0.74476	0.01308	0.00044	-0.86757	0.2023	141.30299	0.0044	0.00816	0.00366	0.0608	0.23069	0.0	0.01537	0.00243	0.00046	0.06777	0.00993
sim42	0.2	0.4	0.05	0.35	824.96	0.01166	0.04763	0.00443	0.2539	-2.20487	0.0	0.74345	0.01318	0.00049	-0.86644	0.19418	124.65167	0.00487	0.0072	0.0039	0.08538	0.2876	0.0	0.01607	0.00341	0.00058	0.08021	0.01032
sim43	0.45	0.0	0.35	0.2	635.15	0.0106	0.03667	0.00438	0.28364	-2.06593	0.0	0.74166	0.01646	0.00082	-0.82323	0.19231	103.86018	0.00378	0.006	0.00312	0.09235	0.30621	0.0	0.01673	0.00497	0.00092	0.09444	0.00863
sim44	0.7	0.25	0.0	0.05	566.71	0.0495	0.03272	0.0231	1.30419	1.54089	0.0	0.73061	0.17815	0.01926	-0.26168	0.22579	172.08949	0.01681	0.00994	0.01298	0.37996	0.91634	0.0	0.01732	0.05222	0.01329	0.26071	0.02135
sim45	0.85	0.1	0.0	0.05	92.81	0.00812	0.00536	0.00419	1.14633	1.46444	0.0	0.71415	0.19499	0.02061	-0.23648	0.19301	28.61048	0.00308	0.00165	0.00299	0.38278	1.04033	0.0	0.02305	0.0613	0.01809	0.30871	0.0103
sim46	0.8	0.1	0.05	0.05	73.24	0.00585	0.00423	0.00275	1.12211	1.09219	0.0	0.71315	0.17629	0.01821	-0.2577	0.17982	23.39089	0.00214	0.00135	0.00172	0.29821	0.91925	0.0	0.02278	0.04865	0.01565	0.29574	0.00793
sim47	0.0	0.3	0.6	0.1	427.41	0.00813	0.02468	0.00371	0.29624	-1.92803	0.0	0.73699	0.01925	0.00089	-0.81219	0.17066	89.32215	0.00238	0.00516	0.00208	0.09919	0.29061	0.0	0.01957	0.00496	0.00081	0.0827	0.00741
sim48	0.25	0.2	0.15	0.4	568.96	0.00806	0.03285	0.00323	0.24477	-2.19489	0.0	0.74508	0.01354	0.00043	-0.86809	0.17464	78.77034	0.00226	0.00455	0.00209	0.07169	0.20765	0.0	0.01719	0.0027	0.00046	0.06414	0.00891
sim49	0.7	0.05	0.15	0.1	1204.84	0.02737	0.06957	0.01344	0.33541	-1.76439	0.0	0.74086	0.02173	0.00146	-0.77099	0.23206	199.40035	0.00935	0.01151	0.00776	0.13649	0.39667	0.0	0.0149	0.00824	0.00138	0.12466	0.01539
sim50	0.3	0.35	0.3	0.05	766.2	0.01624	0.04424	0.00747	0.33253	-1.8336	0.0	0.74113	0.02098	0.00111	-0.79716	0.21924	163.29598	0.00549	0.00943	0.00463	0.1028	0.33954	0.0	0.01651	0.00727	0.00116	0.09569	0.00984
sim51	0.8	0.0	0.15	0.05	1394.56	0.03547	0.08052	0.01789	0.36764	-1.62694	0.0	0.74549	0.02473	0.00156	-0.75422	0.24085	265.33266	0.0109	0.01532	0.00892	0.14254	0.38383	0.0	0.016	0.0098	0.00158	0.11829	0.01614
sim52	0.85	0.05	0.0	0.1	100.6	0.00855	0.00581	0.0042	1.17635	1.38135	0.0	0.70645	0.1945	0.02134	-0.23279	0.19783	30.94276	0.00323	0.00179	0.0028	0.3219	1.14087	0.0	0.02481	0.06801	0.02113	0.31491	0.00806
sim53	0.4	0.1	0.05	0.45	626.14	0.00817	0.03615	0.0027	0.25198	-2.25035	0.0	0.74056	0.01284	0.00041	-0.86801	0.18191	93.09917	0.0023	0.00538	0.00245	0.05416	0.20958	0.0	0.01546	0.00257	0.00044	0.05941	0.00778
sim54	0.25	0.0	0.55	0.2	428.28	0.00725	0.02473	0.00304	0.27994	-2.05571	0.0	0.74286	0.01637	0.00065	-0.83696	0.16522	76.1405	0.00236	0.0044	0.00191	0.08727	0.23552	0.0	0.0166	0.00319	0.00058	0.07192	0.00824
sim55	0.4	0.5	0.05	0.05	1231.15	0.0368	0.07109	0.01775	0.4403	-1.40735	0.0	0.73955	0.03074	0.0025	-0.69198	0.23053	233.57569	0.01252	0.01349	0.00907	0.17192	0.44559	0.0	0.01565	0.01118	0.00244	0.14084	0.01616
sim56	0.85	0.0	0.0	0.15	1111.97	0.10049	0.0642	0.04184	1.50741	1.65566	0.0	0.73781	0.19432	0.0212	-0.25276	0.17288	402.37985	0.04404	0.02323	0.02914	0.36839	0.98811	0.0	0.01608	0.06611	0.01998	0.2731	0.05797
sim57	0.8	0.0	0.15	0.05	1427.46	0.03659	0.08242	0.01924	0.35407	-1.61575	0.0	0.74583	0.026	0.00184	-0.74698	0.23787	264.70137	0.0133	0.01528	0.01298	0.13916	0.45065	0.0	0.01526	0.01195	0.00193	0.12433	0.01825
sim58	0.4	0.0	0.0	0.6	410.75	0.00574	0.02372	0.00192	0.26562	-2.20178	0.0	0.74298	0.01383	0.00045	-0.85919	0.16016	56.02279	0.00158	0.00323	0.00133	0.0608	0.17735	0.0	0.01413	0.00223	0.00046	0.06031	0.00713
sim59	0.3	0.05	0.5	0.15	488.21	0.0081	0.02819	0.00324	0.28623	-2.06238	0.0	0.73838	0.01705	0.00059	-0.84608	0.18303	100.16383	0.00232	0.00578	0.00204	0.08218	0.23016	0.0	0.01602	0.00408	0.00062	0.06979	0.00783
sim60	0.5	0.25	0.2	0.05	1001.58	0.02277	0.05783	0.01087	0.34329	-1.75925	0.0	0.74031	0.02205	0.00124	-0.78063	0.23377	198.88874	0.00755	0.01148	0.00595	0.1149	0.39393	0.0	0.01785	0.00764	0.00135	0.11278	0.01316
sim61	0.75	0.1	0.0	0.15	61.55	0.00476	0.00355	0.00219	1.08937	1.01988	0.0	0.72253	0.16049	0.01616	-0.29988	0.16032	17.10536	0.00132	0.00099	0.00132	0.33015	0.95985	0.0	0.01824	0.04939	0.01496	0.29452	0.00729
sim62	0.8	0.15	0.0	0.05	291.28	0.02717	0.01682	0.01514	1.12686	1.78836	0.0	0.72535	0.20278	0.02613	-0.15871	0.23241	91.01394	0.01069	0.00526	0.00919	0.41059	1.19218	0.0	0.0176	0.07263	0.02465	0.36896	0.01742
sim63	0.1	0.0	0.05	0.85	165.41	0.00223	0.00955	0.00085	0.2303	-2.17944	0.0	0.72722	0.01367	0.00038	-0.86444	0.0886	24.9772	0.00075	0.00144	0.00051	0.08742	0.21644	0.0	0.03305	0.00275	0.0004	0.06455	0.00513
sim64	0.1	0.8	0.05	0.05	995.48	0.03073	0.05748	0.01448	0.46753	-1.35813	0.0	0.74052	0.03353	0.0023	-0.71064	0.22468	174.46892	0.00912	0.01007	0.00847	0.16097	0.41164	0.0	0.0139	0.01169	0.00239	0.13657	0.0133
sim65	0.85	0.05	0.05	0.05	182.33	0.01752	0.01053	0.00939	1.2335	1.86866	0.0	0.71436	0.21657	0.02644	-0.16816	0.22452	72.29849	0.00893	0.00417	0.00663	0.48806	1.2393	0.0	0.02204	0.07738	0.02111	0.33332	0.01445
sim66	0.7	0.1	0.0	0.2	1593.06	0.03445	0.09198	0.01386	0.36825	-1.83834	0.0	0.74563	0.02032	0.00128	-0.78808	0.22646	255.9588	0.01489	0.01478	0.01192	0.14643	0.43846	0.0	0.01484	0.01223	0.00159	0.11184	0.02049
sim67	0.0	0.2	0.25	0.55	293.87	0.00421	0.01697	0.00167	0.24555	-2.16823	0.0	0.74331	0.01458	0.00042	-0.86233	0.12669	47.09472	0.00158	0.00272	0.00112	0.07607	0.23967	0.0	0.01589	0.00331	0.00043	0.06349	0.00651
sim68	0.55	0.25	0.0	0.2	1412.37	0.02841	0.08155	0.01112	0.3526	-1.92153	0.0	0.74455	0.01804	0.00105	-0.80499	0.2237	254.68506	0.0118	0.01471	0.00824	0.13606	0.35486	0.0	0.01749	0.00618	0.00104	0.10359	0.01684
sim69	0.4	0.25	0.3	0.05	802.79	0.01651	0.04635	0.00776	0.32137	-1.85001	0.0	0.73908	0.02088	0.00103	-0.81466	0.22467	185.99551	0.00539	0.01074	0.00559	0.10967	0.3897	0.0	0.01666	0.00835	0.00138	0.09092	0.01095
sim70	0.0	0.1	0.3	0.6	231.17	0.00331	0.01335	0.00136	0.23586	-2.15992	0.0	0.73848	0.01448	0.00048	-0.85557	0.11048	35.52266	0.00109	0.00205	0.00088	0.07782	0.22163	0.0	0.01676	0.00295	0.00065	0.07657	0.00622
sim71	0.0	0.8	0.05	0.15	913.61	0.01933	0.05275	0.00852	0.34497	-1.84369	0.0	0.74185	0.02055	0.00115	-0.79631	0.21576	165.08614	0.00745	0.00953	0.00561	0.12342	0.38155	0.0	0.0159	0.00764	0.00132	0.10799	0.01162
sim72	0.35	0.05	0.0	0.6	409.05	0.00579	0.02362	0.00201	0.26491	-2.18767	0.0	0.74686	0.01387	0.00044	-0.86159	0.15659	57.65245	0.00146	0.00333	0.00131	0.05655	0.18431	0.0	0.0152	0.00232	0.00051	0.06274	0.00724
sim73	0.35	0.5	0.1	0.05	1055.13	0.02721	0.06092	0.01299	0.39276	-1.6264	0.0	0.73939	0.0269	0.00168	-0.75878	0.23199	217.60002	0.01166	0.01256	0.00932	0.13554	0.40078	0.0	0.01388	0.01173	0.00175	0.11565	0.0167
sim74	0.55	0.4	0.0	0.05	1577.13	0.05109	0.09106	0.02142	0.53302	-1.28863	0.0	0.74376	0.03513	0.00223	-0.70341	0.22665	264.1804	0.01543	0.01525	0.01121	0.19262	0.42141	0.0	0.01353	0.01062	0.00225	0.11538	0.01941
sim75	0.65	0.15	0.15	0.05	1194.67	0.02997	0.06898	0.01459	0.37213	-1.63238	0.0	0.73953	0.02554	0.00209	-0.72669	0.23752	215.59835	0.00939	0.01245	0.00815	0.12717	0.43413	0.0	0.0159	0.01135	0.00229	0.14507	0.01445
sim76	0.85	0.05	0.05	0.05	155.83	0.01213	0.009	0.00509	1.24486	0.97694	0.0	0.72608	0.16449	0.01734	-0.30852	0.20916	48.26695	0.00587	0.00279	0.00442	0.33974	1.13981	0.0	0.01854	0.05424	0.0175	0.30439	0.01124
sim77	0.3	0.65	0.0	0.05	1246.61	0.04076	0.07198	0.01801	0.52543	-1.26603	0.0	0.74198	0.03761	0.00275	-0.68182	0.22556	225.94747	0.01372	0.01305	0.01051	0.17706	0.46318	0.0	0.01561	0.01458	0.00244	0.12864	0.01754
sim78	0.7	0.15	0.05	0.1	1616.3	0.04261	0.09332	0.01889	0.42072	-1.59399	0.0	0.74468	0.02531	0.00156	-0.75004	0.22899	243.63168	0.01496	0.01407	0.01072	0.15981	0.42191	0.0	0.01697	0.00961	0.00135	0.09671	0.01896
sim79	0.5	0.15	0.1	0.25	1001.12	0.01564	0.0578	0.00627	0.26891	-2.13821	0.0	0.7433	0.01455	0.00064	-0.85046	0.21466	166.17827	0.00719	0.0096	0.00604	0.0989	0.32816	0.0	0.01615	0.00522	0.00088	0.07496	0.01086
sim80	0.55	0.0	0.25	0.2	804.8	0.01329	0.04647	0.00556	0.27829	-2.08444	0.0	0.74512	0.0158	0.00063	-0.84527	0.20737	132.1564	0.00513	0.00763	0.00441	0.09302	0.31287	0.0	0.01297	0.00532	0.00075	0.0819	0.01137
sim81	0.4	0.1	0.2	0.3	658.19	0.01003	0.038	0.00416	0.25715	-2.14964	0.0	0.74343	0.01439	0.00061	-0.84839	0.19002	101.24505	0.00361	0.00585	0.00319	0.06316	0.26322	0.0	0.01485	0.00386	0.00078	0.08186	0.01071
sim82	0.45	0.35	0.15	0.05	1046.03	0.02591	0.0604	0.01335	0.35122	-1.65522	0.0	0.74144	0.02464	0.00156	-0.76195	0.23404	212.75587	0.00873	0.01228	0.00754	0.13298	0.3921	0.0	0.01441	0.00855	0.00138	0.11613	0.01338
sim83	0.3	0.45	0.05	0.2	1125.29	0.02014	0.06497	0.00899	0.28818	-2.00351	0.0	0.74514	0.01667	0.001	-0.81059	0.21611	195.15724	0.0072	0.01127	0.00673	0.08034	0.34644	0.0	0.0147	0.00646	0.0012	0.11259	0.01297
sim84	0.85	0.0	0.1	0.05	259.47	0.02206	0.01498	0.01117	1.12366	1.28306	0.0	0.7312	0.17635	0.02096	-0.27279	0.22575	97.77261	0.01193	0.00565	0.00864	0.41921	1.31263	0.0	0.0157	0.07118	0.01994	0.34458	0.0179
sim85	0.2	0.05	0.6	0.15	429.81	0.00743	0.02482	0.00323	0.28402	-2.00781	0.0	0.73938	0.01772	0.00076	-0.82745	0.16688	89.93249	0.0023	0.00519	0.00196	0.09125	0.31573	0.0	0.01984	0.0056	0.00112	0.0972	0.00807
sim86	0.6	0.05	0.1	0.25	1042.62	0.01673	0.0602	0.00727	0.25991	-2.11538	0.0	0.74602	0.0147	0.00064	-0.85661	0.21841	166.23585	0.00695	0.0096	0.00599	0.08926	0.31566	0.0	0.01765	0.00499	0.00081	0.08798	0.01271
sim87	0.65	0.25	0.05	0.05	1548.76	0.04673	0.08943	0.02138	0.46835	-1.39049	0.0	0.74393	0.03168	0.00223	-0.70693	0.23161	264.62362	0.01168	0.01528	0.01078	0.15255	0.33855	0.0	0.01601	0.00925	0.00164	0.10912	0.01735
sim88	0.7	0.0	0.25	0.05	1046.54	0.02395	0.06043	0.01155	0.3417	-1.74669	0.0	0.74125	0.02297	0.00152	-0.76822	0.23408	218.33657	0.00924	0.01261	0.00741	0.13238	0.46414	0.0	0.01524	0.0115	0.00188	0.1253	0.01303
sim89	0.3	0.0	0.15	0.55	356.87	0.00521	0.02061	0.00182	0.26899	-2.16274	0.0	0.74493	0.01449	0.00046	-0.85783	0.14555	56.53061	0.00161	0.00326	0.00098	0.08699	0.20172	0.0	0.01712	0.00286	0.00044	0.06008	0.00737
sim90	0.4	0.1	0.05	0.45	643.72	0.00848	0.03717	0.00281	0.25257	-2.256	0.0	0.7456	0.01282	0.0004	-0.87674	0.18259	94.65014	0.00342	0.00547	0.00258	0.0715	0.2307	0.0	0.01324	0.00287	0.00047	0.06387	0.00906
sim91	0.85	0.05	0.0	0.1	476.35	0.0417	0.0275	0.01972	1.26332	1.5443	0.0	0.73125	0.17435	0.01976	-0.25584	0.22421	153.81554	0.0151	0.00888	0.01058	0.39775	0.93641	0.0	0.01659	0.0504	0.01566	0.27508	0.01816
sim92	0.5	0.4	0.0	0.1	1494.33	0.04419	0.08628	0.01895	0.48157	-1.43938	0.0	0.74605	0.03038	0.00224	-0.71085	0.22197	235.06664	0.01583	0.01357	0.01017	0.19914	0.44575	0.0	0.01756	0.01207	0.00208	0.13336	0.02001
sim93	0.8	0.05	0.0	0.15	156.96	0.01421	0.00906	0.00724	1.20406	1.65926	0.0	0.71457	0.20167	0.02322	-0.21602	0.2217	57.48428	0.00595	0.00332	0.00467	0.40771	1.16553	0.0	0.024	0.07412	0.01887	0.31042	0.01082
sim94	0.15	0.3	0.3	0.25	582.18	0.00879	0.03361	0.00326	0.27557	-2.14631	0.0	0.74091	0.01492	0.00059	-0.85027	0.18202	92.37149	0.00315	0.00533	0.00279	0.07296	0.27415	0.0	0.01589	0.00345	0.00088	0.08502	0.0089
sim95	0.65	0.3	0.0	0.05	1800.78	0.05703	0.10398	0.02319	0.53621	-1.33102	0.0	0.7439	0.03433	0.00241	-0.69533	0.22557	304.40402	0.01738	0.01758	0.01118	0.17985	0.37809	0.0	0.0155	0.01105	0.00178	0.11404	0.02042
sim96	0.15	0.4	0.3	0.15	667.5	0.01153	0.03854	0.00491	0.28414	-2.03852	0.0	0.74116	0.01668	0.00066	-0.83743	0.19925	123.52168	0.00377	0.00713	0.00295	0.0893	0.26811	0.0	0.01661	0.00417	0.00062	0.07815	0.00877
sim97	0.1	0.4	0.3	0.2	626.21	0.01032	0.03616	0.00432	0.27485	-2.08368	0.0	0.74196	0.01601	0.00064	-0.84297	0.19097	106.32894	0.00342	0.00614	0.00292	0.08375	0.24775	0.0	0.01786	0.00383	0.00063	0.07645	0.00841
sim98	0.4	0.35	0.2	0.05	965.83	0.02186	0.05577	0.0104	0.34515	-1.76536	0.0	0.74055	0.0227	0.00139	-0.77872	0.23206	189.81852	0.00657	0.01096	0.00602	0.11582	0.34668	0.0	0.01595	0.00907	0.00188	0.11299	0.0107
sim99	0.55	0.15	0.1	0.2	1116.67	0.01945	0.06448	0.00854	0.28357	-2.04331	0.0	0.74735	0.01577	0.00073	-0.83253	0.22267	185.28417	0.00625	0.0107	0.00561	0.08999	0.25496	0.0	0.01683	0.00432	0.00067	0.08287	0.01086
sim100	0.75	0.1	0.1	0.05	1492.08	0.04055	0.08615	0.01978	0.4033	-1.54132	0.0	0.74474	0.02613	0.00189	-0.72975	0.23904	275.0605	0.01193	0.01588	0.01034	0.13568	0.37191	0.0	0.01572	0.00866	0.00166	0.12036	0.01644
sim101	0.3	0.55	0.1	0.05	1086.96	0.03026	0.06276	0.0135	0.44655	-1.50966	0.0	0.74032	0.03002	0.00191	-0.73302	0.22889	237.99074	0.01156	0.01374	0.00697	0.19374	0.4392	0.0	0.01356	0.01433	0.00191	0.11336	0.01559
sim102	0.45	0.2	0.25	0.1	861.75	0.01706	0.04976	0.00782	0.30919	-1.91276	0.0	0.73973	0.01969	0.00104	-0.80272	0.22012	153.61827	0.00617	0.00887	0.00511	0.10167	0.35366	0.0	0.01746	0.00681	0.00107	0.10077	0.01244
sim103	0.3	0.6	0.05	0.05	1124.36	0.03386	0.06492	0.01626	0.44657	-1.39458	0.0	0.74371	0.0311	0.00191	-0.72301	0.23028	216.76117	0.01032	0.01252	0.00747	0.14739	0.38754	0.0	0.01476	0.01074	0.00182	0.11796	0.01558
sim104	0.15	0.2	0.1	0.55	399.56	0.00558	0.02307	0.00194	0.2586	-2.20091	0.0	0.74566	0.01382	0.00042	-0.86755	0.14783	55.48069	0.00176	0.0032	0.00156	0.07114	0.19993	0.0	0.01658	0.00282	0.00057	0.06758	0.00745
sim105	0.3	0.0	0.6	0.1	466.6	0.00815	0.02694	0.00346	0.28703	-2.01579	0.0	0.73909	0.01794	0.0007	-0.83054	0.17718	94.03728	0.00274	0.00543	0.002	0.10718	0.30023	0.0	0.01553	0.00591	0.00079	0.07497	0.00873
sim106	0.75	0.1	0.1	0.05	1506.86	0.04264	0.08701	0.02065	0.41829	-1.48431	0.0	0.74559	0.02949	0.00206	-0.72375	0.23573	266.23135	0.0152	0.01537	0.01202	0.14549	0.45368	0.0	0.0169	0.01418	0.00218	0.13273	0.02072
sim107	0.2	0.45	0.2	0.15	791.43	0.01453	0.0457	0.00674	0.28518	-1.9712	0.0	0.74239	0.01804	0.00088	-0.82431	0.21137	159.75507	0.0048	0.00922	0.00459	0.07993	0.34637	0.0	0.01482	0.00681	0.00116	0.08927	0.00995
sim108	0.9	0.05	0.0	0.05	274.82	0.02564	0.01587	0.01416	1.14252	1.75063	0.0	0.72584	0.19841	0.02036	-0.25967	0.23299	95.07895	0.01101	0.00549	0.00854	0.40514	1.12621	0.0	0.01825	0.06627	0.01928	0.30713	0.01671
sim109	0.8	0.0	0.15	0.05	1363.5	0.03402	0.07873	0.01701	0.35923	-1.64043	0.0	0.74548	0.02482	0.00174	-0.7569	0.2409	258.26412	0.01026	0.01491	0.01016	0.15911	0.41598	0.0	0.0165	0.00969	0.00189	0.12827	0.01635
sim110	0.85	0.1	0.0	0.05	69.1	0.00637	0.00399	0.00322	1.1786	1.69497	0.0	0.69917	0.21948	0.02171	-0.19654	0.16847	24.73108	0.00253	0.00143	0.00178	0.39754	1.09953	0.0	0.03103	0.08549	0.0177	0.29375	0.00767
sim111	0.0	0.25	0.45	0.3	399.29	0.00623	0.02305	0.00256	0.2632	-2.10903	0.0	0.74369	0.0148	0.00062	-0.84463	0.15221	61.25065	0.0019	0.00354	0.00173	0.08554	0.27179	0.0	0.01591	0.00411	0.00093	0.08433	0.00814
sim112	0.8	0.0	0.15	0.05	1362.57	0.03688	0.07867	0.01792	0.39941	-1.54784	0.0	0.74551	0.02694	0.00175	-0.74069	0.23831	250.28542	0.01272	0.01445	0.01012	0.18012	0.43288	0.0	0.0152	0.0107	0.00168	0.11698	0.01927
sim113	0.2	0.25	0.1	0.45	533.54	0.00752	0.03081	0.00281	0.2546	-2.19844	0.0	0.74319	0.0137	0.0005	-0.8564	0.16954	83.3529	0.00249	0.00481	0.00221	0.06848	0.23219	0.0	0.01578	0.00304	0.00059	0.07384	0.00898
sim114	0.3	0.0	0.45	0.25	471.1	0.00726	0.0272	0.00265	0.27738	-2.13256	0.0	0.74138	0.01508	0.00053	-0.85256	0.1707	76.67187	0.00226	0.00443	0.00181	0.07525	0.21553	0.0	0.01656	0.00266	0.00057	0.06598	0.00643
sim115	0.85	0.1	0.0	0.05	323.71	0.02919	0.01869	0.01413	1.28161	1.66662	0.0	0.72306	0.1856	0.02085	-0.20609	0.22972	99.19477	0.00978	0.00573	0.0063	0.37722	0.86489	0.0	0.01615	0.04397	0.01537	0.28538	0.01269
sim116	0.4	0.1	0.0	0.5	592.12	0.00764	0.03419	0.00239	0.25172	-2.26231	0.0	0.74814	0.01275	0.00037	-0.88119	0.17965	86.59382	0.00265	0.005	0.002	0.07247	0.21934	0.0	0.01343	0.0029	0.00043	0.05742	0.00809
sim117	0.55	0.15	0.1	0.2	1089.69	0.01994	0.06292	0.00844	0.30511	-1.98958	0.0	0.74237	0.01734	0.00094	-0.81779	0.22173	187.92039	0.00831	0.01085	0.00599	0.13334	0.38034	0.0	0.01564	0.00702	0.00109	0.10775	0.01289
sim118	0.7	0.2	0.05	0.05	682.7	0.06796	0.03942	0.03272	1.41421	1.90111	0.0	0.73612	0.20761	0.02502	-0.19391	0.19661	317.78039	0.04084	0.01835	0.02867	0.52132	1.20704	0.0	0.01654	0.08134	0.02066	0.25369	0.05469
sim119	0.25	0.0	0.3	0.45	389.15	0.00553	0.02247	0.00199	0.25938	-2.1845	0.0	0.74572	0.01415	0.00049	-0.8604	0.14524	58.37797	0.00171	0.00337	0.00126	0.07215	0.22132	0.0	0.01459	0.00367	0.00057	0.06969	0.00631
sim120	0.8	0.1	0.0	0.1	178.25	0.01626	0.01029	0.00817	1.22262	1.67862	0.0	0.71083	0.2066	0.021	-0.2248	0.22797	55.00236	0.00616	0.00318	0.00469	0.43583	1.08294	0.0	0.02471	0.05915	0.01673	0.29322	0.0114
sim121	0.25	0.35	0.1	0.3	822.48	0.01151	0.04749	0.00466	0.24236	-2.20132	0.0	0.74515	0.01357	0.0005	-0.86528	0.19947	135.61104	0.0038	0.00783	0.0038	0.05695	0.26016	0.0	0.01469	0.00339	0.00066	0.08158	0.01037
sim122	0.25	0.55	0.1	0.1	1004.48	0.02339	0.058	0.01083	0.36396	-1.73071	0.0	0.73772	0.02267	0.00134	-0.77017	0.22573	205.65463	0.00794	0.01187	0.00665	0.11808	0.39323	0.0	0.01561	0.00762	0.00148	0.1146	0.01284
sim123	0.35	0.1	0.5	0.05	572.53	0.01086	0.03306	0.00522	0.28547	-1.93124	0.0	0.73919	0.01966	0.00101	-0.81134	0.20055	114.79481	0.00376	0.00663	0.00306	0.11192	0.37663	0.0	0.01969	0.00735	0.00127	0.10751	0.00918
sim124	0.9	0.05	0.0	0.05	140.95	0.0126	0.00814	0.00635	1.22208	1.57642	0.0	0.71304	0.20076	0.02187	-0.22463	0.21304	39.62281	0.00463	0.00229	0.00401	0.37708	1.05193	0.0	0.02211	0.05922	0.0186	0.30282	0.01072
sim125	0.35	0.5	0.0	0.15	1293.21	0.02981	0.07467	0.01246	0.38753	-1.75813	0.0	0.74347	0.02272	0.0013	-0.77587	0.22078	219.92502	0.01057	0.0127	0.00734	0.1565	0.37436	0.0	0.01531	0.00822	0.00115	0.09671	0.01442
sim126	0.2	0.1	0.65	0.05	435.93	0.00875	0.02517	0.00411	0.30838	-1.86491	0.0	0.73384	0.02103	0.00112	-0.79422	0.1806	108.08127	0.00309	0.00624	0.00253	0.10742	0.38088	0.0	0.01762	0.00767	0.0016	0.11529	0.00954
sim127	0.6	0.3	0.0	0.1	151.32	0.01396	0.00874	0.00726	1.19825	1.80379	0.0	0.70723	0.21726	0.02742	-0.13995	0.22359	47.40006	0.0051	0.00274	0.00432	0.3979	1.26092	0.0	0.02688	0.08932	0.02866	0.38921	0.00955
sim128	0.65	0.2	0.05	0.1	1487.48	0.04033	0.08589	0.01823	0.42714	-1.55886	0.0	0.74467	0.02635	0.00174	-0.74469	0.2288	242.86607	0.01406	0.01402	0.00904	0.18969	0.40872	0.0	0.01461	0.00974	0.00142	0.11091	0.01959
sim129	0.4	0.45	0.1	0.05	1149.46	0.0312	0.06637	0.01422	0.42649	-1.54096	0.0	0.74225	0.02699	0.0015	-0.74857	0.23134	219.01531	0.00959	0.01265	0.00693	0.1511	0.38777	0.0	0.01308	0.009	0.00142	0.1051	0.01307
sim130	0.0	0.7	0.25	0.05	727.4	0.0163	0.042	0.00734	0.35593	-1.75493	0.0	0.7367	0.02321	0.00122	-0.7838	0.21775	157.49164	0.0048	0.00909	0.00417	0.12799	0.36391	0.0	0.0174	0.00794	0.00133	0.10678	0.0102
sim131	0.15	0.3	0.0	0.55	483.91	0.00653	0.02794	0.00211	0.26344	-2.2314	0.0	0.74605	0.01326	0.00038	-0.87156	0.16051	56.5557	0.00191	0.00327	0.00169	0.05986	0.18709	0.0	0.01399	0.00236	0.00038	0.05435	0.00787
sim132	0.25	0.15	0.2	0.4	520.79	0.0074	0.03007	0.00271	0.26074	-2.19125	0.0	0.74521	0.01406	0.00044	-0.86526	0.16865	69.36877	0.00213	0.00401	0.00191	0.07284	0.21784	0.0	0.01488	0.00305	0.00044	0.05929	0.00748
sim133	0.8	0.15	0.0	0.05	103.05	0.00923	0.00595	0.00468	1.18163	1.50218	0.0	0.70846	0.19854	0.02324	-0.18613	0.19745	36.98549	0.0046	0.00214	0.00334	0.38601	1.11102	0.0	0.0251	0.0611	0.02196	0.34788	0.00979
sim134	0.75	0.2	0.0	0.05	66.59	0.0052	0.00384	0.00237	1.09131	1.01815	0.0	0.72226	0.16607	0.01644	-0.32402	0.16113	23.03318	0.00217	0.00133	0.00159	0.33707	1.07918	0.0	0.02147	0.0647	0.01829	0.30321	0.00783
sim135	0.85	0.05	0.05	0.05	317.87	0.02717	0.01835	0.01205	1.32271	1.38433	0.0	0.72016	0.17539	0.01877	-0.24811	0.22924	96.58645	0.01038	0.00558	0.00733	0.35243	0.86401	0.0	0.0166	0.04411	0.0159	0.28524	0.01339
sim136	0.2	0.15	0.6	0.05	455.16	0.00952	0.02628	0.00445	0.31863	-1.8257	0.0	0.73648	0.02178	0.00124	-0.79321	0.18504	84.12097	0.00309	0.00486	0.00262	0.13493	0.40976	0.0	0.01638	0.00912	0.00213	0.12858	0.00922
sim137	0.45	0.3	0.1	0.15	1103.59	0.02224	0.06372	0.01059	0.30545	-1.90601	0.0	0.74164	0.01884	0.00108	-0.80078	0.22465	189.38967	0.00763	0.01094	0.00679	0.08904	0.30707	0.0	0.01727	0.00556	0.00103	0.09939	0.013
sim138	0.9	0.0	0.0	0.1	206.59	0.01926	0.01193	0.00947	1.30581	1.82561	0.0	0.71618	0.20903	0.02233	-0.20412	0.22368	67.21518	0.00733	0.00388	0.0052	0.35017	1.21292	0.0	0.02036	0.07428	0.02272	0.31492	0.01281
sim139	0.15	0.25	0.0	0.6	381.89	0.00543	0.02205	0.00186	0.26402	-2.18768	0.0	0.7439	0.01403	0.00046	-0.85848	0.15182	58.49077	0.00184	0.00338	0.00127	0.07968	0.20845	0.0	0.01318	0.00258	0.00045	0.06268	0.00844
sim140	0.6	0.35	0.0	0.05	1677.54	0.05413	0.09686	0.02281	0.53447	-1.29807	0.0	0.74385	0.03577	0.0023	-0.6964	0.22691	274.70342	0.0176	0.01586	0.01304	0.17028	0.45277	0.0	0.0155	0.01238	0.00179	0.10342	0.02348
sim141	0.7	0.2	0.0	0.1	99.5	0.00875	0.00575	0.00435	1.18515	1.52994	0.0	0.70454	0.20726	0.02114	-0.2152	0.19927	33.60901	0.00345	0.00194	0.00271	0.38548	1.0891	0.0	0.02472	0.07287	0.02327	0.33574	0.00803
sim142	0.4	0.1	0.45	0.05	605.98	0.0119	0.03499	0.00561	0.2978	-1.89526	0.0	0.73673	0.0203	0.00106	-0.808	0.20736	116.75711	0.00378	0.00674	0.00358	0.10462	0.36884	0.0	0.01762	0.00701	0.00134	0.11306	0.00906
sim143	0.6	0.2	0.1	0.1	1278.45	0.02966	0.07382	0.01416	0.35345	-1.74986	0.0	0.74351	0.02199	0.00135	-0.76894	0.23318	226.64707	0.00985	0.01309	0.00823	0.11516	0.34299	0.0	0.01419	0.00728	0.00126	0.10688	0.01371
sim144	0.85	0.1	0.0	0.05	81.64	0.00655	0.00471	0.00315	1.1103	1.11457	0.0	0.71812	0.1738	0.01989	-0.25173	0.18462	23.61626	0.00266	0.00136	0.00227	0.30979	1.11561	0.0	0.02114	0.0598	0.01829	0.33633	0.00891
sim145	0.7	0.05	0.2	0.05	1182.82	0.02754	0.0683	0.01387	0.33392	-1.73782	0.0	0.74302	0.02223	0.00148	-0.77466	0.23741	214.59741	0.00921	0.01239	0.0079	0.13118	0.38698	0.0	0.01732	0.00853	0.00172	0.1307	0.0148
sim146	0.9	0.05	0.0	0.05	201.71	0.01638	0.01165	0.00767	1.16313	1.0903	0.0	0.72635	0.17418	0.01931	-0.28669	0.21788	62.61753	0.00818	0.00362	0.00604	0.35567	1.26633	0.0	0.01693	0.06413	0.02122	0.3455	0.01398
sim147	0.35	0.05	0.25	0.35	539.41	0.00778	0.03115	0.00291	0.25911	-2.18322	0.0	0.74421	0.01411	0.0005	-0.85643	0.17401	84.80103	0.00254	0.0049	0.0022	0.06402	0.23133	0.0	0.01502	0.0038	0.00059	0.06534	0.0086
sim148	0.3	0.05	0.45	0.2	512.9	0.00822	0.02961	0.00327	0.27616	-2.09861	0.0	0.7398	0.01593	0.00056	-0.84786	0.17771	97.49411	0.00247	0.00563	0.00207	0.07304	0.22829	0.0	0.01613	0.00327	0.00047	0.06062	0.00864
sim149	0.25	0.2	0.1	0.45	553.6	0.00739	0.03196	0.00248	0.25381	-2.23858	0.0	0.74669	0.01306	0.00037	-0.87562	0.17188	77.96723	0.00255	0.0045	0.00203	0.06978	0.22544	0.0	0.01598	0.00313	0.00043	0.05806	0.00754
sim150	0.3	0.15	0.15	0.4	596.73	0.00775	0.03446	0.00261	0.24744	-2.25602	0.0	0.74627	0.01286	0.00036	-0.87985	0.17671	80.86275	0.0021	0.00467	0.00206	0.06059	0.19817	0.0	0.01526	0.00238	0.00038	0.05218	0.00776
sim151	0.45	0.35	0.0	0.2	1326.49	0.02632	0.07659	0.01079	0.33372	-1.93524	0.0	0.74691	0.01831	0.00106	-0.81125	0.22025	201.66697	0.01171	0.01164	0.0083	0.14056	0.37992	0.0	0.01418	0.00668	0.00104	0.10734	0.01584
sim152	0.55	0.25	0.05	0.15	1339.47	0.03093	0.07734	0.01428	0.35806	-1.76395	0.0	0.74552	0.02144	0.00129	-0.78449	0.22508	216.69839	0.01284	0.01251	0.00991	0.14682	0.42921	0.0	0.01569	0.0085	0.00137	0.12033	0.01765
sim153	0.0	0.55	0.35	0.1	575.56	0.01088	0.03323	0.00497	0.29537	-1.94185	0.0	0.73812	0.01979	0.00098	-0.80967	0.2007	122.46156	0.00368	0.00707	0.00337	0.10725	0.3325	0.0	0.01687	0.00609	0.00103	0.09409	0.00931
sim154	0.55	0.35	0.05	0.05	1397.64	0.04162	0.0807	0.01958	0.45265	-1.42438	0.0	0.74153	0.0308	0.00218	-0.71442	0.2326	252.01333	0.01471	0.01455	0.01211	0.16813	0.42829	0.0	0.01525	0.01125	0.00215	0.13251	0.02097
sim155	0.55	0.15	0.25	0.05	953.48	0.02095	0.05505	0.00969	0.34516	-1.79474	0.0	0.73775	0.02187	0.00133	-0.77328	0.23045	209.9063	0.00754	0.01212	0.00563	0.13187	0.37373	0.0	0.01702	0.00804	0.0013	0.10645	0.01286
sim156	0.1	0.1	0.35	0.45	335.52	0.00485	0.01937	0.00194	0.24655	-2.16761	0.0	0.7432	0.0141	0.00045	-0.85635	0.13645	44.7454	0.00141	0.00258	0.00106	0.07164	0.20688	0.0	0.01431	0.00291	0.00046	0.06463	0.00673
sim157	0.35	0.5	0.1	0.05	1076.85	0.02817	0.06218	0.01245	0.4201	-1.58921	0.0	0.73878	0.02765	0.00183	-0.74341	0.23207	197.1247	0.00958	0.01138	0.0082	0.14851	0.44202	0.0	0.01668	0.01144	0.00167	0.12165	0.01359
sim158	0.85	0.05	0.0	0.1	73.76	0.00568	0.00426	0.0026	1.10987	0.95253	0.0	0.72204	0.16074	0.01589	-0.32367	0.17605	22.33588	0.00226	0.00129	0.00198	0.2898	1.07042	0.0	0.01943	0.05292	0.01486	0.26815	0.00835
sim159	0.05	0.45	0.15	0.35	598.72	0.00845	0.03457	0.00304	0.25829	-2.19651	0.0	0.74389	0.01385	0.0005	-0.85841	0.179	90.77345	0.00286	0.00524	0.00218	0.08396	0.24401	0.0	0.01476	0.00355	0.00057	0.0698	0.00727
sim160	0.0	0.25	0.25	0.5	336.75	0.00495	0.01944	0.00188	0.25926	-2.1518	0.0	0.74446	0.01472	0.00046	-0.86046	0.13725	49.34037	0.00137	0.00285	0.00111	0.08443	0.21892	0.0	0.01565	0.00359	0.00048	0.06306	0.00716
sim161	0.6	0.0	0.25	0.15	821.01	0.01532	0.0474	0.00654	0.30953	-1.97351	0.0	0.74029	0.0182	0.00091	-0.81489	0.21793	161.3333	0.00641	0.00932	0.00465	0.11285	0.35281	0.0	0.01685	0.00705	0.00094	0.08714	0.01186
sim162	0.45	0.2	0.0	0.35	1055.91	0.01462	0.06097	0.00645	0.2255	-2.21147	0.0	0.74693	0.01275	0.00057	-0.86557	0.20665	190.22178	0.00657	0.01098	0.00565	0.07613	0.31907	0.0	0.01514	0.00398	0.00079	0.0949	0.0122
sim163	0.9	0.05	0.0	0.05	109.08	0.01005	0.0063	0.005	1.24355	1.75438	0.0	0.70288	0.22051	0.02525	-0.17393	0.20443	33.8382	0.00386	0.00195	0.0032	0.42369	1.30633	0.0	0.02879	0.10206	0.02979	0.32823	0.00924
sim164	0.1	0.2	0.3	0.4	411.15	0.00588	0.02374	0.0022	0.25585	-2.17181	0.0	0.74455	0.01439	0.00046	-0.86331	0.15414	70.28116	0.00162	0.00406	0.00156	0.0693	0.23175	0.0	0.01546	0.00339	0.00079	0.07302	0.00733
sim165	0.75	0.0	0.0	0.25	1533.77	0.03013	0.08856	0.01359	0.30646	-1.92605	0.0	0.74707	0.01741	0.00119	-0.81026	0.22232	257.33195	0.01337	0.01486	0.01064	0.14129	0.46256	0.0	0.01363	0.00847	0.00164	0.13624	0.0186
sim166	0.2	0.4	0.3	0.1	712.01	0.01414	0.04111	0.00623	0.32747	-1.88095	0.0	0.73849	0.02079	0.00111	-0.79316	0.21064	151.51628	0.00426	0.00875	0.00416	0.11944	0.37705	0.0	0.01506	0.00927	0.00102	0.09326	0.00858
sim167	0.45	0.35	0.0	0.2	1320.32	0.02833	0.07624	0.01253	0.34503	-1.83419	0.0	0.74498	0.01992	0.0013	-0.78387	0.21847	220.35141	0.01094	0.01272	0.00828	0.14302	0.41603	0.0	0.01638	0.00799	0.00154	0.12046	0.0151
sim168	0.3	0.4	0.15	0.15	913.21	0.01748	0.05273	0.00838	0.28573	-1.95053	0.0	0.74562	0.01778	0.00083	-0.82413	0.21869	174.62996	0.00602	0.01008	0.00489	0.09576	0.30258	0.0	0.0155	0.00533	0.0009	0.09185	0.01099
sim169	0.8	0.15	0.0	0.05	159.72	0.01487	0.00922	0.00848	1.10873	1.71889	0.0	0.72002	0.20259	0.02115	-0.2496	0.2226	47.62057	0.00614	0.00275	0.0056	0.38128	1.19462	0.0	0.02022	0.0647	0.01999	0.32273	0.01096
sim170	0.8	0.15	0.0	0.05	153.0	0.01333	0.00883	0.00685	1.14011	1.46258	0.0	0.72499	0.19337	0.02223	-0.24525	0.21572	51.62315	0.00614	0.00298	0.00514	0.3788	1.36169	0.0	0.01706	0.07817	0.02146	0.32944	0.01189
sim171	0.45	0.0	0.3	0.25	631.22	0.00988	0.03645	0.00406	0.26819	-2.11212	0.0	0.74155	0.01539	0.00064	-0.84705	0.18982	104.22873	0.00322	0.00602	0.00319	0.081	0.29222	0.0	0.0158	0.0046	0.00072	0.07837	0.00962
sim172	0.55	0.15	0.05	0.25	1189.6	0.02021	0.06869	0.00929	0.26506	-2.06173	0.0	0.74723	0.01517	0.00076	-0.83691	0.22004	185.66071	0.00856	0.01072	0.00745	0.08969	0.36864	0.0	0.01495	0.0055	0.00114	0.10794	0.01415
sim173	0.75	0.05	0.15	0.05	1287.63	0.03369	0.07435	0.01636	0.38941	-1.58715	0.0	0.74189	0.02529	0.00167	-0.74093	0.24066	250.61168	0.01055	0.01447	0.00889	0.13206	0.39431	0.0	0.01384	0.00918	0.00171	0.11509	0.01477
sim174	0.6	0.15	0.2	0.05	1056.66	0.02391	0.06101	0.01109	0.34764	-1.78482	0.0	0.74058	0.02235	0.00122	-0.78563	0.23713	199.85966	0.00878	0.01154	0.00659	0.1103	0.34065	0.0	0.0149	0.00766	0.00123	0.10443	0.01419
sim175	0.8	0.15	0.0	0.05	815.98	0.07145	0.04711	0.0297	1.44309	1.45675	0.0	0.73534	0.18154	0.01909	-0.28795	0.20502	253.23658	0.02966	0.01462	0.02115	0.39858	0.90398	0.0	0.01489	0.05748	0.01404	0.22221	0.04072
sim176	0.55	0.25	0.0	0.2	1462.29	0.02979	0.08443	0.01201	0.35102	-1.90106	0.0	0.74458	0.01885	0.00119	-0.78917	0.22366	223.53195	0.01176	0.01291	0.00993	0.1147	0.37584	0.0	0.01532	0.00728	0.00141	0.11217	0.01899
sim177	0.7	0.2	0.05	0.05	1646.23	0.05116	0.09505	0.02409	0.4766	-1.34241	0.0	0.74256	0.03243	0.00252	-0.69852	0.22916	280.80109	0.01553	0.01621	0.01432	0.17847	0.45557	0.0	0.01765	0.01291	0.00294	0.14804	0.02451
sim178	0.55	0.05	0.35	0.05	807.84	0.0162	0.04664	0.0074	0.31674	-1.88678	0.0	0.73962	0.02061	0.00113	-0.79626	0.22239	170.10037	0.00536	0.00982	0.00461	0.09995	0.34769	0.0	0.01705	0.0077	0.00111	0.10088	0.01094
sim179	0.3	0.65	0.0	0.05	1210.58	0.03959	0.0699	0.01763	0.51534	-1.2592	0.0	0.73998	0.03734	0.0028	-0.68143	0.22709	231.81446	0.01236	0.01338	0.01032	0.17905	0.46426	0.0	0.01641	0.01362	0.0026	0.12507	0.01692
sim180	0.3	0.4	0.15	0.15	905.35	0.01735	0.05227	0.00797	0.29943	-1.94062	0.0	0.74382	0.01833	0.00088	-0.81943	0.21981	161.50463	0.00602	0.00933	0.00526	0.0977	0.34759	0.0	0.01428	0.00628	0.00096	0.09855	0.0114
sim181	0.4	0.1	0.15	0.35	680.91	0.00898	0.03932	0.00323	0.24404	-2.24756	0.0	0.74404	0.01305	0.00046	-0.86998	0.18879	99.2315	0.00312	0.00573	0.00313	0.05172	0.24877	0.0	0.01365	0.00281	0.00071	0.07898	0.01036
sim182	0.4	0.35	0.1	0.15	1097.67	0.02234	0.06338	0.00977	0.33064	-1.88977	0.0	0.7443	0.0192	0.00105	-0.80997	0.22442	180.666	0.0093	0.01043	0.00672	0.13596	0.42332	0.0	0.01745	0.00763	0.00135	0.11516	0.01416
sim183	0.85	0.0	0.0	0.15	55.79	0.00524	0.00322	0.00282	1.07584	1.82508	0.0	0.69625	0.22899	0.02996	-0.10248	0.15099	21.61943	0.002	0.00125	0.00152	0.4265	1.22482	0.0	0.0268	0.09079	0.03162	0.41811	0.00697
sim184	0.25	0.3	0.15	0.3	739.95	0.0104	0.04272	0.00387	0.2571	-2.20577	0.0	0.7443	0.01364	0.00049	-0.8661	0.19322	112.98908	0.00359	0.00652	0.00331	0.06985	0.24757	0.0	0.01654	0.00333	0.00058	0.0728	0.00939
sim185	0.25	0.1	0.3	0.35	499.95	0.00698	0.02887	0.00258	0.25188	-2.20736	0.0	0.74456	0.01372	0.00041	-0.86604	0.16596	67.39172	0.00203	0.00389	0.00174	0.05478	0.19567	0.0	0.0165	0.00239	0.00042	0.05545	0.00817
sim186	0.65	0.1	0.15	0.1	1147.91	0.02528	0.06628	0.01188	0.33884	-1.79865	0.0	0.74015	0.02083	0.0014	-0.7739	0.23341	206.97812	0.00893	0.01195	0.00704	0.12873	0.39729	0.0	0.01557	0.00864	0.00145	0.11819	0.0127
sim187	0.2	0.5	0.25	0.05	800.87	0.01738	0.04624	0.00817	0.33438	-1.79052	0.0	0.73575	0.02297	0.00152	-0.76524	0.22198	194.40085	0.00539	0.01122	0.00444	0.1084	0.36014	0.0	0.01756	0.00872	0.00158	0.12132	0.01021
sim188	0.45	0.25	0.15	0.15	992.02	0.01873	0.05728	0.0086	0.29739	-1.96343	0.0	0.74404	0.01785	0.001	-0.8123	0.22273	155.11937	0.00704	0.00896	0.00607	0.10224	0.35808	0.0	0.01645	0.00625	0.00132	0.11216	0.01329
sim189	0.2	0.6	0.05	0.15	1057.74	0.02302	0.06107	0.01122	0.32448	-1.82872	0.0	0.74143	0.02061	0.00109	-0.79589	0.21686	174.34099	0.00789	0.01007	0.007	0.08763	0.32364	0.0	0.01607	0.00685	0.00106	0.0978	0.01278
sim190	0.9	0.05	0.0	0.05	58.49	0.00469	0.00338	0.00214	1.12273	1.09343	0.0	0.71439	0.17371	0.01689	-0.28434	0.1569	15.10602	0.00153	0.00087	0.00126	0.33914	0.99307	0.0	0.02283	0.05717	0.01911	0.31252	0.00744
sim191	0.75	0.15	0.05	0.05	1684.97	0.04861	0.09729	0.02273	0.44089	-1.47684	0.0	0.74209	0.02907	0.00212	-0.71022	0.23285	285.39381	0.01576	0.01648	0.01292	0.14442	0.35786	0.0	0.01607	0.00912	0.00154	0.10794	0.0201
sim192	0.25	0.25	0.1	0.4	633.68	0.00849	0.03659	0.00291	0.25287	-2.23536	0.0	0.74371	0.01325	0.00044	-0.87216	0.18246	103.87268	0.00333	0.006	0.0025	0.08401	0.25834	0.0	0.01588	0.00385	0.00056	0.06906	0.01005
sim193	0.15	0.7	0.05	0.1	1035.93	0.02789	0.05981	0.01334	0.40628	-1.55236	0.0	0.74188	0.02756	0.00184	-0.74922	0.22055	180.99145	0.01004	0.01045	0.00818	0.16067	0.47871	0.0	0.01506	0.01242	0.00233	0.1358	0.01409
sim194	0.05	0.6	0.3	0.05	704.99	0.01545	0.04071	0.00726	0.33958	-1.78039	0.0	0.73733	0.02314	0.00133	-0.78259	0.21362	134.34912	0.00493	0.00776	0.00412	0.14574	0.41473	0.0	0.01754	0.00904	0.00136	0.10911	0.01088
sim195	0.8	0.0	0.1	0.1	1500.33	0.03623	0.08663	0.0167	0.37799	-1.71085	0.0	0.74428	0.02294	0.00147	-0.76555	0.23751	254.5344	0.01437	0.0147	0.01293	0.15805	0.39853	0.0	0.01672	0.00843	0.00131	0.10131	0.02334
sim196	0.8	0.15	0.0	0.05	746.23	0.06856	0.04309	0.03051	1.41292	1.70406	0.0	0.73278	0.19041	0.02103	-0.23438	0.20461	278.0392	0.03186	0.01605	0.02187	0.42577	0.89894	0.0	0.01574	0.05744	0.01483	0.2411	0.04158
sim197	0.5	0.3	0.0	0.2	1365.84	0.02844	0.07886	0.01211	0.34254	-1.87799	0.0	0.74543	0.0191	0.00121	-0.79167	0.22203	195.65739	0.01189	0.0113	0.00827	0.12902	0.3994	0.0	0.01614	0.00698	0.00125	0.10985	0.01464
sim198	0.7	0.05	0.2	0.05	1141.62	0.02561	0.06592	0.0114	0.35864	-1.77522	0.0	0.73968	0.02244	0.00139	-0.77677	0.23888	208.15878	0.00869	0.01202	0.00675	0.13992	0.38837	0.0	0.01413	0.00924	0.0013	0.11026	0.01296
sim199	0.4	0.35	0.0	0.25	1212.94	0.02046	0.07003	0.00873	0.27831	-2.06919	0.0	0.74568	0.0149	0.00071	-0.8457	0.21644	173.41996	0.00781	0.01001	0.00662	0.10336	0.31578	0.0	0.01404	0.00446	0.00084	0.09149	0.01126
sim200	0.15	0.4	0.0	0.45	673.14	0.00858	0.03887	0.00298	0.23967	-2.26757	0.0	0.74601	0.01224	0.00036	-0.87818	0.18029	113.41878	0.00281	0.00655	0.0021	0.0672	0.21615	0.0	0.01651	0.00252	0.00038	0.06046	0.00846
sim1	0.05	0.55	0.35	0.05	615.75	0.01324	0.03555	0.0061	0.33145	-1.80608	0.0	0.73376	0.02251	0.00139	-0.77288	0.21076	131.15588	0.00406	0.00757	0.00339	0.10507	0.36283	0.0	0.01734	0.00804	0.00165	0.12237	0.00959
sim2	0.6	0.2	0.05	0.15	1346.91	0.03087	0.07777	0.0149	0.34365	-1.77898	0.0	0.74572	0.02182	0.00155	-0.77462	0.22672	229.93513	0.01635	0.01328	0.01066	0.16776	0.49317	0.0	0.01739	0.0146	0.00222	0.13614	0.02138
sim3	0.75	0.05	0.15	0.05	1323.44	0.0317	0.07642	0.01548	0.35323	-1.70397	0.0	0.74085	0.02366	0.00162	-0.74994	0.24189	252.99077	0.01026	0.01461	0.0082	0.1369	0.37891	0.0	0.01452	0.0088	0.00148	0.11389	0.01522
sim4	0.75	0.05	0.05	0.15	1590.52	0.03892	0.09184	0.01805	0.37695	-1.7001	0.0	0.74555	0.0224	0.00141	-0.76503	0.22629	256.62497	0.01538	0.01482	0.01107	0.16289	0.42289	0.0	0.01556	0.00881	0.00133	0.11472	0.02145
sim5	0.55	0.3	0.1	0.05	1252.46	0.03418	0.07232	0.01692	0.39543	-1.53135	0.0	0.74114	0.02771	0.00208	-0.7251	0.23333	225.06822	0.0109	0.013	0.00974	0.13749	0.45007	0.0	0.01482	0.01204	0.00199	0.12023	0.01741
sim6	0.35	0.1	0.25	0.3	621.45	0.00858	0.03588	0.00305	0.25577	-2.2166	0.0	0.7412	0.01372	0.00043	-0.86274	0.18392	96.56812	0.0026	0.00558	0.00179	0.07148	0.19541	0.0	0.01637	0.00282	0.00038	0.05497	0.00888
sim7	0.35	0.2	0.05	0.4	750.31	0.00987	0.04332	0.00327	0.2522	-2.25997	0.0	0.74399	0.01262	0.00038	-0.87804	0.19139	104.35213	0.00356	0.00603	0.00285	0.06483	0.21705	0.0	0.01618	0.00265	0.00055	0.06625	0.00863
sim9	0.3	0.6	0.0	0.1	1223.27	0.03505	0.07063	0.01574	0.45174	-1.47742	0.0	0.74037	0.02926	0.00188	-0.73305	0.22275	197.21771	0.01262	0.01139	0.01118	0.16526	0.46515	0.0	0.01578	0.01172	0.00195	0.10165	0.01863
sim10	0.25	0.7	0.0	0.05	1154.06	0.03994	0.06664	0.01817	0.54026	-1.1621	0.0	0.74026	0.03861	0.00288	-0.6681	0.22389	192.67321	0.01202	0.01112	0.00997	0.19647	0.48247	0.0	0.01517	0.0134	0.00231	0.12506	0.01558
sim11	0.7	0.1	0.05	0.15	1526.67	0.03535	0.08815	0.0152	0.37772	-1.76188	0.0	0.7473	0.02074	0.00131	-0.77831	0.22962	255.71161	0.01274	0.01476	0.00876	0.14559	0.37545	0.0	0.01548	0.00677	0.00105	0.10632	0.01935
sim12	0.5	0.4	0.0	0.1	1460.85	0.04266	0.08435	0.01909	0.462	-1.45626	0.0	0.7435	0.02947	0.00199	-0.72839	0.22385	235.35687	0.01452	0.01359	0.0126	0.16808	0.40606	0.0	0.01576	0.01096	0.00241	0.12896	0.02017
sim14	0.85	0.0	0.1	0.05	1680.23	0.0463	0.09702	0.02193	0.41366	-1.53545	0.0	0.74325	0.02744	0.00201	-0.71983	0.23639	303.66418	0.0146	0.01753	0.01062	0.14843	0.33838	0.0	0.01696	0.00987	0.00159	0.1148	0.02099
sim15	0.4	0.35	0.0	0.25	1219.73	0.02151	0.07043	0.00893	0.29875	-2.02544	0.0	0.74617	0.01638	0.00088	-0.82988	0.2141	182.22252	0.00888	0.01052	0.00701	0.12186	0.39442	0.0	0.01609	0.00674	0.00144	0.11757	0.0128
sim16	0.05	0.85	0.0	0.1	1024.53	0.03025	0.05916	0.01327	0.47034	-1.44086	0.0	0.73996	0.0307	0.00205	-0.72364	0.2164	174.08215	0.01083	0.01005	0.00788	0.16834	0.43015	0.0	0.01593	0.0093	0.00168	0.11475	0.01529
sim18	0.45	0.5	0.0	0.05	1385.76	0.04441	0.08001	0.0207	0.4895	-1.30613	0.0	0.74096	0.03512	0.00241	-0.69741	0.22777	241.31132	0.01421	0.01393	0.01147	0.1532	0.44401	0.0	0.01538	0.0115	0.00237	0.13277	0.01888
sim19	0.25	0.6	0.05	0.1	1102.31	0.02807	0.06365	0.01215	0.4119	-1.64424	0.0	0.74174	0.02522	0.00147	-0.76005	0.22634	191.64096	0.01023	0.01107	0.0079	0.1367	0.36264	0.0	0.01766	0.00864	0.00124	0.09711	0.01451
sim20	0.1	0.8	0.0	0.1	1046.59	0.03033	0.06043	0.01406	0.44492	-1.45847	0.0	0.74206	0.03031	0.00206	-0.72072	0.21732	205.71924	0.01055	0.01188	0.00797	0.1536	0.41597	0.0	0.01291	0.01053	0.00189	0.12576	0.01483
sim22	0.4	0.55	0.0	0.05	1367.36	0.04519	0.07895	0.01985	0.53248	-1.24891	0.0	0.73727	0.0358	0.003	-0.66612	0.22572	263.08594	0.01375	0.01519	0.01221	0.16675	0.4243	0.0	0.01483	0.01118	0.0026	0.14099	0.01819
sim23	0.55	0.25	0.1	0.1	1204.31	0.02767	0.06954	0.01256	0.36315	-1.76278	0.0	0.74126	0.02221	0.0014	-0.77921	0.23148	190.97563	0.01055	0.01103	0.00975	0.13206	0.42617	0.0	0.01524	0.00835	0.00176	0.12014	0.01727
sim24	0.4	0.0	0.45	0.15	558.13	0.00974	0.03223	0.00413	0.28776	-2.02622	0.0	0.73868	0.01714	0.00072	-0.82909	0.18755	108.13335	0.00324	0.00624	0.00254	0.09608	0.25783	0.0	0.01522	0.00423	0.00065	0.07681	0.00986
sim25	0.25	0.15	0.25	0.35	532.39	0.00741	0.03074	0.00276	0.24977	-2.20417	0.0	0.74425	0.01373	0.00048	-0.86339	0.17172	82.73639	0.00236	0.00478	0.00202	0.06507	0.23591	0.0	0.01507	0.00318	0.00055	0.06987	0.00832
sim26	0.75	0.05	0.1	0.1	1429.27	0.03505	0.08253	0.01744	0.35547	-1.69098	0.0	0.74361	0.0224	0.00151	-0.75479	0.23333	244.05107	0.01232	0.01409	0.01009	0.13217	0.3677	0.0	0.01519	0.00761	0.00141	0.11407	0.01756
sim27	0.0	0.7	0.15	0.15	832.18	0.01603	0.04805	0.00732	0.30094	-1.94068	0.0	0.74407	0.01757	0.00077	-0.82522	0.20936	139.19258	0.00504	0.00804	0.00453	0.09205	0.30269	0.0	0.0144	0.00487	0.00098	0.09326	0.00993
sim31	0.3	0.3	0.05	0.35	841.27	0.011	0.04857	0.00404	0.23935	-2.26283	0.0	0.74395	0.01246	0.00038	-0.87966	0.19698	135.31936	0.00389	0.00781	0.00327	0.0735	0.20991	0.0	0.0158	0.00227	0.00039	0.06164	0.00826
sim32	0.5	0.05	0.25	0.2	778.83	0.01259	0.04497	0.00503	0.28267	-2.09232	0.0	0.74304	0.01591	0.00063	-0.84451	0.20787	143.34186	0.00405	0.00828	0.0034	0.08629	0.27591	0.0	0.01561	0.00466	0.0007	0.08065	0.01013
sim33	0.05	0.3	0.6	0.05	460.4	0.00871	0.02658	0.00386	0.30893	-1.93333	0.0	0.73829	0.01999	0.00084	-0.82332	0.1836	96.24453	0.00291	0.00556	0.00299	0.10589	0.33117	0.0	0.01748	0.00674	0.00103	0.09361	0.00886
sim35	0.25	0.6	0.0	0.15	1156.09	0.02782	0.06675	0.01211	0.39171	-1.72218	0.0	0.74541	0.02331	0.00137	-0.77348	0.22017	177.74247	0.01129	0.01026	0.00819	0.13855	0.401	0.0	0.01436	0.00806	0.00166	0.11371	0.01602
sim36	0.1	0.5	0.05	0.35	808.77	0.01069	0.0467	0.00365	0.25278	-2.24744	0.0	0.74438	0.0128	0.00044	-0.87294	0.19086	126.1551	0.00358	0.00728	0.00307	0.07459	0.24391	0.0	0.01667	0.00314	0.00066	0.07355	0.00957
sim37	0.5	0.45	0.0	0.05	1470.67	0.05082	0.08492	0.02303	0.5364	-1.19063	0.0	0.74216	0.03831	0.00298	-0.66864	0.22217	245.5561	0.01953	0.01418	0.01355	0.21064	0.53784	0.0	0.01342	0.01646	0.00342	0.15701	0.02387
sim40	0.5	0.1	0.05	0.35	901.37	0.01327	0.05204	0.00575	0.24237	-2.17135	0.0	0.74669	0.01361	0.0006	-0.85712	0.20344	142.83123	0.00604	0.00825	0.00496	0.09146	0.35317	0.0	0.01789	0.00496	0.00085	0.10002	0.01056
sim41	0.2	0.7	0.05	0.05	1024.65	0.03216	0.05916	0.01493	0.48328	-1.33141	0.0	0.74041	0.03424	0.0025	-0.69473	0.22662	185.84529	0.01014	0.01073	0.00755	0.17654	0.43476	0.0	0.01558	0.01193	0.00198	0.12182	0.01363
sim42	0.55	0.3	0.0	0.15	1454.92	0.03752	0.08401	0.01611	0.42354	-1.63919	0.0	0.74524	0.0245	0.00156	-0.75136	0.22224	248.1821	0.01452	0.01433	0.00991	0.17101	0.40751	0.0	0.01576	0.00917	0.00135	0.10541	0.01914
sim43	0.75	0.05	0.05	0.15	1557.98	0.0352	0.08996	0.01548	0.36464	-1.77932	0.0	0.74354	0.02122	0.00147	-0.76894	0.23268	246.30174	0.01367	0.01422	0.0104	0.14757	0.43924	0.0	0.01615	0.00984	0.00141	0.11305	0.01932
sim44	0.3	0.0	0.55	0.15	465.12	0.008	0.02686	0.00304	0.30714	-2.02775	0.0	0.74028	0.01789	0.00073	-0.83471	0.17629	81.01232	0.00245	0.00468	0.00197	0.11097	0.31104	0.0	0.01633	0.00857	0.0012	0.0902	0.00751
sim45	0.2	0.55	0.15	0.1	915.74	0.02038	0.05287	0.0094	0.3486	-1.79363	0.0	0.7438	0.02175	0.0012	-0.79205	0.22069	171.18497	0.00818	0.00988	0.0064	0.13759	0.39072	0.0	0.01686	0.00832	0.0015	0.11388	0.01343
sim46	0.1	0.15	0.05	0.7	252.03	0.00373	0.01455	0.00138	0.26124	-2.13597	0.0	0.74465	0.01476	0.00044	-0.85861	0.12148	40.56531	0.00101	0.00234	0.00078	0.08783	0.19024	0.0	0.01774	0.00315	0.00042	0.06096	0.00722
sim47	0.05	0.05	0.25	0.65	216.3	0.00312	0.01249	0.00127	0.23821	-2.15756	0.0	0.73697	0.01459	0.00049	-0.8553	0.10744	32.81214	0.00133	0.00189	0.00102	0.07975	0.26993	0.0	0.01932	0.00359	0.00077	0.08096	0.00657
sim48	0.15	0.2	0.3	0.35	473.32	0.00668	0.02733	0.00242	0.2558	-2.19837	0.0	0.7414	0.01399	0.00043	-0.86467	0.1627	80.2769	0.00232	0.00464	0.00164	0.07315	0.21032	0.0	0.01445	0.00291	0.00042	0.05882	0.00786
sim49	0.2	0.75	0.0	0.05	1128.67	0.03917	0.06517	0.01694	0.56656	-1.16437	0.0	0.73944	0.0389	0.00289	-0.67131	0.22393	189.5455	0.01192	0.01094	0.00878	0.18616	0.43636	0.0	0.01698	0.01295	0.00235	0.13173	0.01513
sim50	0.85	0.0	0.1	0.05	1648.26	0.04818	0.09517	0.02333	0.43152	-1.45359	0.0	0.74383	0.03028	0.00214	-0.71522	0.23586	291.51754	0.01603	0.01683	0.01449	0.15793	0.39067	0.0	0.01601	0.01418	0.0022	0.12336	0.02473
sim51	0.3	0.1	0.2	0.4	513.81	0.00731	0.02967	0.00261	0.26127	-2.19671	0.0	0.74317	0.01368	0.00048	-0.85907	0.16927	76.12705	0.00245	0.0044	0.00192	0.0656	0.20991	0.0	0.01355	0.00265	0.00049	0.06443	0.00797
sim52	0.2	0.35	0.2	0.25	713.91	0.01078	0.04122	0.00425	0.26524	-2.15886	0.0	0.74244	0.01427	0.00055	-0.85417	0.19605	119.13646	0.00372	0.00688	0.00328	0.06914	0.22319	0.0	0.01752	0.00313	0.00052	0.07105	0.00861
sim53	0.35	0.6	0.0	0.05	1259.45	0.03999	0.07272	0.01708	0.519	-1.31739	0.0	0.73998	0.03543	0.00245	-0.69405	0.22829	211.24883	0.01206	0.0122	0.00769	0.1814	0.40994	0.0	0.01605	0.01134	0.00188	0.11991	0.01482
sim54	0.35	0.4	0.15	0.1	1019.07	0.02125	0.05884	0.00903	0.34746	-1.84628	0.0	0.74364	0.02069	0.00105	-0.80251	0.22782	189.58425	0.00683	0.01095	0.00566	0.13453	0.389	0.0	0.01668	0.00764	0.00121	0.1042	0.01322
sim55	0.5	0.3	0.1	0.1	1161.26	0.02775	0.06705	0.01314	0.3562	-1.72798	0.0	0.74438	0.02345	0.00135	-0.778	0.23143	218.31206	0.01192	0.01261	0.00847	0.13783	0.38992	0.0	0.01873	0.00878	0.00137	0.11192	0.01601
sim56	0.05	0.35	0.0	0.6	377.84	0.00516	0.02182	0.0017	0.26075	-2.20904	0.0	0.74524	0.01372	0.00044	-0.85982	0.1474	56.48594	0.00111	0.00326	0.00092	0.06308	0.16108	0.0	0.01621	0.00219	0.00032	0.05347	0.00777
sim57	0.1	0.05	0.5	0.35	339.29	0.0051	0.01959	0.00192	0.2676	-2.13791	0.0	0.73886	0.01496	0.00053	-0.84745	0.13749	56.77624	0.00163	0.00328	0.00123	0.07992	0.22486	0.0	0.01716	0.00338	0.00052	0.06741	0.00665
sim58	0.45	0.5	0.0	0.05	1401.19	0.04617	0.0809	0.01992	0.53892	-1.24842	0.0	0.74188	0.03658	0.00269	-0.67515	0.22601	228.431	0.01352	0.01319	0.00958	0.19672	0.45658	0.0	0.01553	0.01449	0.00241	0.12579	0.01661
sim59	0.45	0.3	0.1	0.15	1136.46	0.02452	0.06562	0.01155	0.33231	-1.83089	0.0	0.74236	0.0198	0.00132	-0.78155	0.2229	223.75864	0.0099	0.01292	0.00814	0.13875	0.40016	0.0	0.01613	0.00838	0.00148	0.11775	0.01452
sim60	0.5	0.1	0.3	0.1	797.45	0.01481	0.04604	0.0059	0.32124	-1.98281	0.0	0.74239	0.01805	0.00075	-0.83014	0.21944	148.22426	0.00555	0.00856	0.00385	0.11441	0.29326	0.0	0.01526	0.00467	0.00078	0.0807	0.01026
sim61	0.35	0.1	0.1	0.45	561.93	0.00754	0.03245	0.00263	0.25208	-2.23843	0.0	0.74643	0.01346	0.00039	-0.87434	0.17421	75.70587	0.00249	0.00437	0.00217	0.06555	0.20441	0.0	0.0169	0.00424	0.00051	0.06092	0.00934
sim62	0.2	0.15	0.45	0.2	499.74	0.00801	0.02885	0.00311	0.2833	-2.09926	0.0	0.74202	0.01605	0.00061	-0.84241	0.17489	84.17438	0.0027	0.00486	0.00217	0.08381	0.25286	0.0	0.01463	0.00436	0.00065	0.07047	0.0087
sim63	0.1	0.6	0.25	0.05	742.68	0.01625	0.04288	0.00717	0.3583	-1.78751	0.0	0.73627	0.02375	0.00134	-0.78422	0.22225	144.13426	0.00573	0.00832	0.00453	0.14326	0.42558	0.0	0.01639	0.01246	0.00177	0.11488	0.01132
sim64	0.55	0.2	0.2	0.05	1040.05	0.02418	0.06005	0.01096	0.36628	-1.73157	0.0	0.74308	0.02312	0.00133	-0.78279	0.23609	208.57154	0.00898	0.01204	0.00607	0.14982	0.41137	0.0	0.01463	0.00831	0.00146	0.1155	0.01276
sim65	0.15	0.5	0.1	0.25	881.19	0.01376	0.05088	0.00519	0.28265	-2.12971	0.0	0.74002	0.01501	0.00063	-0.84833	0.20379	137.68099	0.00493	0.00795	0.00393	0.09874	0.28065	0.0	0.01546	0.00446	0.00064	0.07981	0.01083
sim66	0.65	0.25	0.0	0.1	1747.48	0.05424	0.1009	0.02374	0.49283	-1.37687	0.0	0.74399	0.03214	0.00236	-0.703	0.21701	286.29393	0.02162	0.01653	0.01387	0.19096	0.45527	0.0	0.0145	0.01129	0.00211	0.12891	0.02578
sim67	0.15	0.75	0.0	0.1	1123.6	0.03189	0.06488	0.01501	0.43676	-1.4836	0.0	0.74039	0.02934	0.00223	-0.71839	0.21958	193.34399	0.01094	0.01116	0.01018	0.12824	0.44157	0.0	0.01579	0.01288	0.00234	0.13799	0.01788
sim68	0.6	0.05	0.15	0.2	1029.12	0.01753	0.05942	0.00757	0.28321	-2.04912	0.0	0.7447	0.01622	0.00087	-0.82509	0.22035	167.26839	0.00651	0.00966	0.00503	0.10791	0.35468	0.0	0.01586	0.00635	0.00097	0.10088	0.01301
sim69	0.05	0.5	0.3	0.15	632.94	0.0107	0.03655	0.00441	0.2887	-2.04678	0.0	0.73874	0.01692	0.00066	-0.83374	0.19818	120.44168	0.00357	0.00695	0.00306	0.07702	0.28722	0.0	0.01584	0.00456	0.00076	0.08203	0.00886
sim70	0.45	0.25	0.2	0.1	953.42	0.01938	0.05505	0.00842	0.32977	-1.8982	0.0	0.74368	0.01994	0.00094	-0.82028	0.22718	169.97826	0.00896	0.00981	0.00533	0.15036	0.41452	0.0	0.01621	0.0093	0.00126	0.10188	0.013
sim71	0.7	0.1	0.1	0.1	1329.29	0.03122	0.07675	0.01606	0.33062	-1.72921	0.0	0.74352	0.02217	0.00149	-0.76667	0.23634	233.62939	0.00995	0.01349	0.00906	0.11213	0.35538	0.0	0.0193	0.00778	0.00149	0.12529	0.01599
sim72	0.1	0.1	0.6	0.2	384.93	0.00618	0.02223	0.00256	0.26775	-2.08658	0.0	0.73985	0.01604	0.00061	-0.84342	0.15584	67.01519	0.00199	0.00387	0.00168	0.08536	0.25907	0.0	0.01628	0.00394	0.00063	0.07452	0.00699
sim75	0.5	0.4	0.0	0.1	1474.38	0.04526	0.08513	0.01878	0.50619	-1.40119	0.0	0.74231	0.0321	0.0024	-0.70835	0.22069	255.56919	0.01989	0.01476	0.01142	0.20495	0.52573	0.0	0.01493	0.01522	0.00262	0.14188	0.02415
sim76	0.2	0.0	0.45	0.35	365.92	0.00529	0.02113	0.00202	0.25362	-2.17063	0.0	0.74073	0.01443	0.00049	-0.85615	0.14681	60.97701	0.00174	0.00352	0.00125	0.07265	0.21524	0.0	0.0154	0.00303	0.00049	0.06602	0.00749
sim77	0.15	0.45	0.2	0.2	759.07	0.01312	0.04383	0.00526	0.30069	-2.03704	0.0	0.74248	0.01647	0.00072	-0.83312	0.20174	139.43437	0.00442	0.00805	0.00342	0.10578	0.2921	0.0	0.01806	0.00483	0.00073	0.0833	0.00952
sim78	0.45	0.45	0.05	0.05	1257.43	0.03936	0.0726	0.01698	0.50151	-1.34157	0.0	0.73939	0.03408	0.0026	-0.69094	0.23021	241.21277	0.01551	0.01393	0.00865	0.20249	0.47799	0.0	0.01606	0.01422	0.00217	0.12831	0.01855
sim80	0.45	0.2	0.15	0.2	920.29	0.01581	0.05314	0.00687	0.28435	-2.04159	0.0	0.7425	0.01636	0.00076	-0.83718	0.21559	159.39718	0.00548	0.0092	0.00496	0.10337	0.31711	0.0	0.0147	0.00534	0.00084	0.09483	0.01098
sim81	0.75	0.1	0.0	0.15	1832.73	0.04886	0.10582	0.01921	0.46341	-1.59365	0.0	0.74245	0.02567	0.00177	-0.73546	0.22188	293.76559	0.01867	0.01696	0.01203	0.18731	0.42183	0.0	0.01474	0.0103	0.00183	0.11667	0.02459
sim82	0.8	0.05	0.1	0.05	1586.89	0.04477	0.09163	0.02289	0.39717	-1.5037	0.0	0.74412	0.02886	0.00234	-0.71217	0.23444	265.28905	0.01714	0.01532	0.01438	0.17671	0.48738	0.0	0.01268	0.01316	0.00257	0.14478	0.02329
sim83	0.6	0.25	0.1	0.05	1297.0	0.0357	0.07489	0.01704	0.41013	-1.52485	0.0	0.7436	0.02784	0.0021	-0.71994	0.23741	252.79536	0.01108	0.0146	0.00882	0.15409	0.38669	0.0	0.01544	0.00988	0.00195	0.13216	0.01547
sim84	0.05	0.85	0.0	0.1	1022.39	0.03204	0.05903	0.01492	0.48173	-1.33408	0.0	0.74189	0.03302	0.00231	-0.70457	0.21514	187.52901	0.00978	0.01083	0.0077	0.17649	0.40284	0.0	0.01549	0.01022	0.00172	0.1158	0.01423
sim85	0.65	0.05	0.15	0.15	1115.79	0.02178	0.06443	0.01047	0.29248	-1.9302	0.0	0.74239	0.01769	0.00097	-0.80429	0.22619	200.35662	0.00707	0.01157	0.00606	0.09517	0.3189	0.0	0.01536	0.00556	0.00091	0.09192	0.01238
sim86	0.1	0.25	0.15	0.5	409.74	0.00574	0.02366	0.00213	0.25147	-2.20109	0.0	0.74592	0.01376	0.00042	-0.86643	0.15027	56.9479	0.00182	0.00329	0.00126	0.07783	0.20304	0.0	0.01697	0.00301	0.00041	0.06018	0.00755
sim88	0.35	0.45	0.0	0.2	1246.87	0.02631	0.07199	0.01157	0.34254	-1.86388	0.0	0.74687	0.0189	0.00108	-0.79516	0.21753	195.01026	0.00958	0.01126	0.00698	0.12377	0.36135	0.0	0.01607	0.00652	0.00117	0.10462	0.01606
sim90	0.2	0.7	0.0	0.1	1151.21	0.03288	0.06647	0.01459	0.45815	-1.486	0.0	0.74222	0.02941	0.00187	-0.72766	0.22168	180.95377	0.0098	0.01045	0.0088	0.14094	0.35634	0.0	0.01576	0.00814	0.00164	0.11266	0.01381
sim91	0.4	0.55	0.0	0.05	1357.37	0.04444	0.07837	0.01825	0.54401	-1.27798	0.0	0.74111	0.03649	0.00259	-0.68922	0.22609	270.13684	0.01531	0.0156	0.00983	0.18518	0.40585	0.0	0.01658	0.01222	0.0022	0.12425	0.01781
sim92	0.7	0.2	0.0	0.1	1862.3	0.05743	0.10753	0.02301	0.52227	-1.39112	0.0	0.74312	0.03191	0.00233	-0.69079	0.21895	338.83724	0.02175	0.01956	0.01265	0.17286	0.38804	0.0	0.01637	0.01157	0.00166	0.09678	0.02495
sim94	0.5	0.3	0.15	0.05	1126.79	0.02786	0.06506	0.01251	0.39409	-1.66548	0.0	0.74351	0.02413	0.00153	-0.76085	0.23441	231.74652	0.00915	0.01338	0.00732	0.13696	0.38056	0.0	0.01535	0.00926	0.00151	0.11098	0.01535
sim96	0.45	0.0	0.05	0.5	540.57	0.00769	0.03121	0.00289	0.2536	-2.19982	0.0	0.74786	0.0134	0.0004	-0.87407	0.17229	64.82739	0.00308	0.00374	0.00277	0.06003	0.25729	0.0	0.015	0.00313	0.00053	0.0601	0.00866
sim98	0.25	0.65	0.0	0.1	1197.25	0.03458	0.06913	0.01491	0.47372	-1.46223	0.0	0.74234	0.03051	0.00217	-0.71518	0.21901	207.12122	0.01207	0.01196	0.00844	0.17834	0.44279	0.0	0.01552	0.01196	0.00196	0.12524	0.01614
sim99	0.35	0.55	0.05	0.05	1135.47	0.03369	0.06556	0.01539	0.46179	-1.41462	0.0	0.73922	0.03168	0.0023	-0.70195	0.23193	212.95172	0.01104	0.0123	0.00869	0.16471	0.4614	0.0	0.0141	0.01217	0.00233	0.12722	0.01651
sim100	0.15	0.35	0.05	0.45	597.59	0.00773	0.0345	0.00259	0.24579	-2.25943	0.0	0.7449	0.01273	0.00045	-0.86607	0.17439	87.20904	0.00255	0.00504	0.00188	0.06594	0.21646	0.0	0.0169	0.0027	0.00048	0.0675	0.00833
sim101	0.2	0.25	0.4	0.15	561.5	0.00982	0.03242	0.00395	0.30222	-2.02042	0.0	0.74029	0.01794	0.00073	-0.83356	0.19001	105.80289	0.00344	0.00611	0.00274	0.11319	0.3028	0.0	0.01609	0.00542	0.00072	0.07381	0.00869
sim102	0.2	0.6	0.1	0.1	976.26	0.0238	0.05637	0.01161	0.3594	-1.6852	0.0	0.74099	0.02402	0.00156	-0.76112	0.22124	171.1465	0.00917	0.00988	0.00707	0.1216	0.43591	0.0	0.01526	0.00938	0.0018	0.13051	0.01406
sim103	0.05	0.65	0.15	0.15	834.85	0.01578	0.0482	0.00672	0.3136	-1.95661	0.0	0.74182	0.01861	0.00093	-0.81511	0.21389	150.52564	0.00534	0.00869	0.00442	0.08482	0.31586	0.0	0.01572	0.00644	0.00107	0.10146	0.0102
sim104	0.0	0.8	0.1	0.1	873.86	0.02138	0.05046	0.01045	0.3623	-1.67857	0.0	0.73808	0.0245	0.00166	-0.75076	0.21853	155.34328	0.00688	0.00897	0.00575	0.11463	0.36569	0.0	0.01477	0.00913	0.0016	0.11962	0.01255
sim105	0.2	0.55	0.15	0.1	897.39	0.01865	0.05182	0.00784	0.3497	-1.85243	0.0	0.73775	0.02072	0.00111	-0.79779	0.22363	189.31311	0.00594	0.01093	0.00444	0.11256	0.34134	0.0	0.01655	0.00623	0.00115	0.10227	0.01151
sim106	0.05	0.15	0.1	0.7	235.38	0.00342	0.01359	0.00136	0.24581	-2.14785	0.0	0.7396	0.01444	0.00051	-0.84782	0.11432	36.45248	0.00104	0.0021	0.00087	0.07476	0.22502	0.0	0.01895	0.00277	0.00047	0.06625	0.00687
sim107	0.55	0.15	0.25	0.05	914.28	0.01951	0.05279	0.0089	0.33684	-1.83319	0.0	0.74359	0.02044	0.00095	-0.80826	0.23526	192.96104	0.00708	0.01114	0.00554	0.11594	0.34728	0.0	0.01533	0.00629	0.00101	0.09469	0.01224
sim108	0.5	0.3	0.05	0.15	1280.4	0.0296	0.07393	0.01341	0.36147	-1.76317	0.0	0.74307	0.02153	0.00149	-0.7706	0.2241	212.83593	0.01298	0.01229	0.00887	0.1688	0.45428	0.0	0.0144	0.00908	0.00146	0.11786	0.01707
sim109	0.7	0.1	0.1	0.1	1360.46	0.03257	0.07855	0.0155	0.36063	-1.71004	0.0	0.74489	0.02228	0.00137	-0.76943	0.23424	205.27195	0.01104	0.01185	0.00872	0.13609	0.3854	0.0	0.01476	0.0078	0.00133	0.11567	0.01695
sim111	0.65	0.15	0.1	0.1	1341.63	0.03171	0.07747	0.01495	0.36178	-1.72585	0.0	0.74127	0.02265	0.00142	-0.7662	0.2345	243.42869	0.01062	0.01406	0.00838	0.13312	0.37421	0.0	0.01572	0.00806	0.00109	0.09971	0.01666
sim117	0.55	0.35	0.05	0.05	1427.58	0.04374	0.08243	0.01908	0.48594	-1.37563	0.0	0.74215	0.03202	0.00246	-0.69675	0.23079	246.90963	0.0141	0.01426	0.01007	0.17624	0.42683	0.0	0.01354	0.0125	0.00236	0.13825	0.01806
sim119	0.2	0.0	0.7	0.1	396.48	0.0072	0.02289	0.00324	0.28652	-1.97892	0.0	0.73421	0.01849	0.00086	-0.81296	0.16452	79.88596	0.00221	0.00461	0.00174	0.10338	0.27187	0.0	0.01602	0.00513	0.00084	0.08943	0.00779
sim120	0.3	0.15	0.0	0.55	479.71	0.00655	0.0277	0.00228	0.2539	-2.22244	0.0	0.74346	0.01341	0.00041	-0.87154	0.16643	62.4898	0.00229	0.00361	0.00199	0.06428	0.22744	0.0	0.01687	0.00317	0.00055	0.06453	0.00837
sim122	0.15	0.15	0.55	0.15	458.11	0.00744	0.02645	0.00293	0.28077	-2.08526	0.0	0.73561	0.01635	0.00067	-0.83503	0.17221	87.81488	0.00245	0.00507	0.00184	0.0986	0.24196	0.0	0.01823	0.00377	0.00058	0.07152	0.0087
sim123	0.65	0.15	0.0	0.2	1488.44	0.0311	0.08594	0.01339	0.34107	-1.87506	0.0	0.74443	0.01909	0.0011	-0.8003	0.22429	234.34945	0.01269	0.01353	0.00975	0.13521	0.40106	0.0	0.01626	0.00809	0.00137	0.1093	0.01789
sim124	0.65	0.15	0.1	0.1	1302.99	0.03022	0.07523	0.01371	0.36547	-1.74056	0.0	0.74329	0.02217	0.00139	-0.77004	0.23576	253.0016	0.01109	0.01461	0.00853	0.13163	0.40623	0.0	0.01502	0.00887	0.00132	0.10967	0.01604
sim125	0.4	0.25	0.0	0.35	1009.14	0.01329	0.05827	0.00501	0.23952	-2.24598	0.0	0.74722	0.01272	0.00049	-0.87309	0.20511	169.46815	0.00504	0.00979	0.00437	0.0783	0.28847	0.0	0.0162	0.00462	0.00067	0.08428	0.01047
sim126	0.55	0.35	0.05	0.05	1395.49	0.04109	0.08058	0.01848	0.46426	-1.43681	0.0	0.74132	0.02987	0.00224	-0.70865	0.23156	260.01296	0.01383	0.01501	0.01021	0.1648	0.42379	0.0	0.01708	0.01112	0.00197	0.1209	0.01858
sim127	0.1	0.0	0.75	0.15	336.42	0.00581	0.01942	0.00247	0.28321	-2.02292	0.0	0.73788	0.01739	0.00055	-0.83692	0.1477	57.59212	0.00166	0.00333	0.00134	0.08464	0.24144	0.0	0.01667	0.00398	0.00049	0.06015	0.00682
sim129	0.1	0.35	0.35	0.2	552.86	0.00913	0.03192	0.00388	0.27179	-2.07744	0.0	0.73894	0.01585	0.00064	-0.83779	0.1847	99.83775	0.00313	0.00576	0.00265	0.07991	0.26387	0.0	0.01784	0.00367	0.00069	0.07739	0.00815
sim130	0.7	0.05	0.2	0.05	1093.2	0.02569	0.06312	0.01317	0.33248	-1.72784	0.0	0.7428	0.02315	0.00142	-0.77963	0.23749	204.66484	0.0098	0.01182	0.00867	0.13264	0.42461	0.0	0.01539	0.00822	0.00115	0.10765	0.01621
sim131	0.4	0.0	0.2	0.4	538.59	0.00751	0.0311	0.00284	0.24932	-2.20372	0.0	0.74255	0.01386	0.0005	-0.86097	0.17132	87.14067	0.00286	0.00503	0.00235	0.07095	0.26327	0.0	0.01773	0.00354	0.00071	0.0802	0.00811
sim132	0.3	0.4	0.0	0.3	1066.52	0.01594	0.06158	0.00618	0.26669	-2.15978	0.0	0.74535	0.01401	0.00062	-0.85428	0.20926	168.11483	0.0066	0.00971	0.00511	0.10246	0.32915	0.0	0.01437	0.00555	0.00076	0.08446	0.01099
sim133	0.05	0.15	0.65	0.15	376.99	0.00662	0.02177	0.00289	0.28136	-2.00908	0.0	0.73852	0.01744	0.00078	-0.82361	0.15844	78.53616	0.00211	0.00453	0.00177	0.09868	0.25166	0.0	0.01583	0.00412	0.00077	0.08585	0.00705
sim134	0.0	0.45	0.35	0.2	532.61	0.00869	0.03075	0.00357	0.27681	-2.0791	0.0	0.74057	0.01642	0.00055	-0.84998	0.18267	101.56034	0.00255	0.00586	0.00228	0.08817	0.24461	0.0	0.01424	0.00382	0.00056	0.06675	0.00844
sim136	0.05	0.6	0.2	0.15	784.24	0.01383	0.04528	0.00597	0.29134	-2.02367	0.0	0.741	0.0169	0.00077	-0.82852	0.20819	149.15473	0.00481	0.00861	0.00382	0.07947	0.29962	0.0	0.01552	0.00485	0.00099	0.09488	0.01002
sim138	0.4	0.4	0.1	0.1	1099.71	0.02582	0.0635	0.01215	0.35829	-1.7246	0.0	0.7436	0.02314	0.00149	-0.77135	0.23037	220.58514	0.00907	0.01274	0.00763	0.11942	0.40253	0.0	0.0157	0.00956	0.00172	0.11814	0.0135
sim139	0.15	0.1	0.55	0.2	427.45	0.00681	0.02468	0.00277	0.27097	-2.09111	0.0	0.74213	0.01585	0.00049	-0.86278	0.16263	78.82154	0.00213	0.00455	0.00182	0.08277	0.26754	0.0	0.01797	0.00443	0.00056	0.06792	0.00801
sim140	0.05	0.2	0.0	0.75	232.52	0.00323	0.01343	0.00126	0.23731	-2.17729	0.0	0.74093	0.01422	0.0004	-0.86166	0.11708	37.67792	0.001	0.00218	0.00074	0.07342	0.20677	0.0	0.01769	0.00265	0.0004	0.06129	0.00601
sim141	0.45	0.25	0.1	0.2	1062.58	0.01842	0.06135	0.00756	0.29439	-2.04384	0.0	0.74237	0.01636	0.00074	-0.84185	0.22031	160.36437	0.00707	0.00926	0.00574	0.10839	0.3334	0.0	0.01565	0.00493	0.00074	0.0848	0.01129
sim142	0.05	0.8	0.05	0.1	951.87	0.02532	0.05496	0.01161	0.41466	-1.56854	0.0	0.73943	0.02644	0.00185	-0.73092	0.21986	173.50293	0.00795	0.01002	0.00613	0.13322	0.37427	0.0	0.01679	0.00801	0.0016	0.1162	0.01208
sim143	0.1	0.35	0.15	0.4	552.66	0.00765	0.03191	0.00294	0.24366	-2.21889	0.0	0.74746	0.01315	0.00039	-0.87024	0.16884	79.72012	0.0024	0.0046	0.0021	0.05425	0.18696	0.0	0.01286	0.00224	0.00038	0.05609	0.00799
sim146	0.15	0.05	0.45	0.35	360.3	0.00527	0.0208	0.00211	0.2502	-2.15586	0.0	0.7409	0.01466	0.00045	-0.86164	0.14501	60.92395	0.00145	0.00352	0.00132	0.07013	0.20774	0.0	0.01627	0.00301	0.00046	0.06461	0.00718
sim147	0.05	0.6	0.3	0.05	683.06	0.01469	0.03944	0.0073	0.31898	-1.80649	0.0	0.73584	0.02207	0.00107	-0.79849	0.21497	157.13205	0.0054	0.00907	0.00506	0.10889	0.36955	0.0	0.01651	0.00699	0.00116	0.09987	0.01028
sim148	0.7	0.1	0.15	0.05	1236.09	0.02999	0.07137	0.01294	0.39957	-1.68725	0.0	0.74314	0.02441	0.00154	-0.7539	0.24342	222.17647	0.00989	0.01283	0.00749	0.14011	0.39819	0.0	0.01519	0.00907	0.00146	0.10957	0.01352
sim149	0.75	0.0	0.2	0.05	1191.55	0.02838	0.0688	0.01423	0.34279	-1.70447	0.0	0.74232	0.02388	0.00166	-0.75995	0.23832	209.92266	0.01072	0.01212	0.00764	0.16524	0.46127	0.0	0.01703	0.01115	0.00205	0.13783	0.01482
sim150	0.15	0.25	0.0	0.6	387.05	0.00538	0.02235	0.00186	0.25805	-2.19675	0.0	0.74842	0.01395	0.00042	-0.86762	0.15037	55.77849	0.00129	0.00322	0.00128	0.06011	0.18074	0.0	0.01634	0.00232	0.00041	0.05326	0.00778
sim151	0.15	0.8	0.0	0.05	1069.04	0.0361	0.06173	0.0162	0.5382	-1.20574	0.0	0.74165	0.03845	0.00282	-0.67258	0.22264	199.502	0.01131	0.01152	0.00991	0.16744	0.46599	0.0	0.01558	0.01399	0.00279	0.14138	0.01673
sim152	0.55	0.35	0.0	0.1	1531.22	0.04654	0.08841	0.02116	0.47268	-1.39341	0.0	0.74239	0.03143	0.00233	-0.7025	0.22104	234.9522	0.01404	0.01357	0.01087	0.13692	0.38581	0.0	0.01615	0.01183	0.00228	0.13111	0.01993
sim153	0.4	0.5	0.05	0.05	1223.47	0.03713	0.07064	0.01759	0.4591	-1.3851	0.0	0.7411	0.03131	0.00226	-0.704	0.22934	262.47341	0.01249	0.01516	0.01042	0.13743	0.43603	0.0	0.01369	0.01074	0.00229	0.13025	0.01776
sim154	0.35	0.3	0.25	0.1	848.7	0.01651	0.049	0.00731	0.31247	-1.93479	0.0	0.74419	0.01887	0.0009	-0.81777	0.21824	171.10104	0.00701	0.00988	0.0048	0.11424	0.36109	0.0	0.01619	0.00747	0.00105	0.09346	0.01127
sim155	0.35	0.55	0.0	0.1	1290.19	0.03868	0.0745	0.01684	0.48794	-1.41137	0.0	0.7427	0.03142	0.00215	-0.71108	0.21882	202.03719	0.01283	0.01167	0.01078	0.18603	0.42509	0.0	0.01417	0.01405	0.0019	0.11546	0.01883
sim156	0.0	0.6	0.05	0.35	769.29	0.00991	0.04442	0.00361	0.23882	-2.26238	0.0	0.7465	0.01277	0.0004	-0.87944	0.1892	124.21375	0.00318	0.00717	0.00285	0.06356	0.23314	0.0	0.01884	0.00364	0.00052	0.06895	0.00843
sim158	0.65	0.25	0.05	0.05	1511.52	0.04882	0.08727	0.02171	0.50964	-1.2955	0.0	0.74098	0.03344	0.00278	-0.6805	0.22945	255.63395	0.01707	0.01476	0.01324	0.18768	0.48109	0.0	0.0158	0.01344	0.00244	0.12205	0.02312
sim159	0.2	0.4	0.1	0.3	803.12	0.0112	0.04637	0.00435	0.24848	-2.21722	0.0	0.74311	0.01343	0.00047	-0.86485	0.1962	137.27943	0.00386	0.00793	0.00321	0.07509	0.22852	0.0	0.01711	0.00364	0.00051	0.06926	0.00955
sim160	0.35	0.25	0.05	0.35	866.7	0.01154	0.05004	0.00427	0.24196	-2.24168	0.0	0.74692	0.01297	0.00047	-0.87298	0.19857	137.33433	0.00434	0.00793	0.00383	0.05755	0.26845	0.0	0.01638	0.00437	0.00069	0.07953	0.01085
sim162	0.8	0.0	0.1	0.1	1493.43	0.03749	0.08623	0.01776	0.37904	-1.65886	0.0	0.74263	0.02449	0.00175	-0.73874	0.23474	235.28226	0.01261	0.01359	0.01014	0.15495	0.40353	0.0	0.01699	0.01017	0.00154	0.11838	0.0178
sim163	0.45	0.45	0.0	0.1	1398.46	0.04162	0.08075	0.01775	0.49012	-1.40778	0.0	0.74225	0.03107	0.00226	-0.70723	0.22149	231.42359	0.01252	0.01336	0.01016	0.17772	0.45912	0.0	0.0139	0.0126	0.00237	0.12118	0.01696
sim164	0.4	0.4	0.15	0.05	1021.38	0.02532	0.05897	0.01276	0.36246	-1.6445	0.0	0.73986	0.02518	0.0016	-0.76564	0.23397	202.03189	0.00863	0.01167	0.00779	0.14466	0.45465	0.0	0.01491	0.00963	0.00153	0.11542	0.01512
sim165	0.65	0.25	0.05	0.05	1558.7	0.04884	0.09	0.02065	0.50969	-1.35676	0.0	0.74296	0.03295	0.0023	-0.70072	0.2292	286.44599	0.01837	0.01654	0.01014	0.19103	0.41225	0.0	0.01614	0.01309	0.00197	0.11205	0.02093
sim166	0.25	0.55	0.05	0.15	1102.26	0.02351	0.06364	0.01063	0.33742	-1.85027	0.0	0.74354	0.01964	0.00103	-0.80398	0.21982	168.08143	0.00881	0.0097	0.00721	0.12341	0.35356	0.0	0.01523	0.00623	0.00104	0.0986	0.01303
sim167	0.35	0.0	0.3	0.35	506.19	0.00731	0.02923	0.00299	0.24366	-2.17912	0.0	0.74605	0.01396	0.0005	-0.85448	0.16775	83.72269	0.00228	0.00483	0.00195	0.05976	0.21506	0.0	0.01533	0.00288	0.00056	0.07005	0.00804
sim168	0.5	0.1	0.0	0.4	870.95	0.0125	0.05029	0.00542	0.23618	-2.19075	0.0	0.74381	0.01305	0.00055	-0.86345	0.19693	140.79804	0.00503	0.00813	0.00503	0.07263	0.30011	0.0	0.01545	0.00383	0.00064	0.08916	0.01236
sim169	0.0	0.25	0.05	0.7	249.95	0.00355	0.01443	0.00134	0.24736	-2.17066	0.0	0.73989	0.01479	0.00047	-0.84958	0.11971	35.44048	0.00115	0.00205	0.00087	0.06623	0.2087	0.0	0.01563	0.00258	0.00043	0.06121	0.007
sim170	0.45	0.25	0.25	0.05	895.02	0.01945	0.05168	0.00905	0.33734	-1.79717	0.0	0.73844	0.02174	0.00114	-0.7967	0.22994	197.255	0.00652	0.01139	0.00582	0.10411	0.38313	0.0	0.01783	0.00749	0.00108	0.09788	0.01082
sim172	0.55	0.15	0.2	0.1	992.12	0.02041	0.05728	0.00963	0.31646	-1.87048	0.0	0.74129	0.01997	0.00101	-0.80306	0.22739	199.42262	0.00693	0.01151	0.00617	0.0893	0.35521	0.0	0.01628	0.00709	0.001	0.09454	0.01179
sim173	0.65	0.1	0.05	0.2	1323.53	0.02563	0.07642	0.01225	0.29283	-1.9426	0.0	0.74605	0.01765	0.001	-0.81487	0.22751	225.00956	0.00986	0.01299	0.0086	0.10031	0.36502	0.0	0.01548	0.00752	0.00122	0.10266	0.01624
sim174	0.4	0.1	0.45	0.05	634.83	0.01234	0.03665	0.00556	0.30663	-1.93101	0.0	0.73825	0.02014	0.00105	-0.8041	0.20687	117.10015	0.00486	0.00676	0.00386	0.10813	0.36278	0.0	0.01774	0.00657	0.00122	0.1073	0.00936
sim176	0.15	0.3	0.05	0.5	501.51	0.00677	0.02896	0.00233	0.25574	-2.22198	0.0	0.74398	0.01318	0.00042	-0.8638	0.16491	79.1751	0.00174	0.00457	0.00154	0.05462	0.18977	0.0	0.01451	0.00247	0.00038	0.05737	0.00915
sim177	0.4	0.45	0.0	0.15	1299.63	0.03304	0.07504	0.01508	0.39985	-1.62988	0.0	0.74114	0.02576	0.00185	-0.74081	0.21856	222.78624	0.01173	0.01286	0.01042	0.13585	0.47273	0.0	0.01509	0.01192	0.00259	0.13807	0.01871
sim178	0.1	0.75	0.0	0.15	1044.28	0.02627	0.0603	0.01117	0.41344	-1.6578	0.0	0.73925	0.02517	0.00172	-0.74247	0.2141	205.25245	0.0097	0.01185	0.00657	0.15083	0.37295	0.0	0.01461	0.00837	0.00147	0.11282	0.01258
sim179	0.1	0.3	0.35	0.25	551.37	0.00865	0.03184	0.00343	0.27422	-2.11099	0.0	0.74362	0.0153	0.00059	-0.84502	0.17499	96.99752	0.00298	0.0056	0.00237	0.09558	0.28794	0.0	0.01643	0.00461	0.00063	0.07586	0.00901
sim180	0.05	0.4	0.4	0.15	556.57	0.00959	0.03214	0.00401	0.28855	-2.04234	0.0	0.74119	0.01708	0.00064	-0.84306	0.18726	99.89259	0.00296	0.00577	0.00267	0.09357	0.24337	0.0	0.01876	0.00384	0.00055	0.07144	0.00854
sim181	0.5	0.45	0.0	0.05	1460.51	0.04792	0.08433	0.02066	0.53117	-1.26649	0.0	0.74185	0.03617	0.00287	-0.67082	0.22715	262.52355	0.0165	0.01516	0.01115	0.18625	0.44828	0.0	0.01548	0.01318	0.00221	0.12124	0.02045
sim182	0.0	0.5	0.1	0.4	590.0	0.00815	0.03407	0.00289	0.25616	-2.20912	0.0	0.74599	0.0135	0.0005	-0.85903	0.17471	89.97138	0.00247	0.00519	0.00203	0.06852	0.23395	0.0	0.01637	0.00393	0.00061	0.07574	0.00864
sim183	0.2	0.25	0.2	0.35	581.41	0.008	0.03357	0.00294	0.25107	-2.20708	0.0	0.74486	0.01373	0.00042	-0.87414	0.17739	95.19508	0.00207	0.0055	0.00211	0.06599	0.24025	0.0	0.01601	0.0033	0.0005	0.06065	0.00833
sim184	0.6	0.25	0.0	0.15	1567.74	0.04036	0.09052	0.01756	0.41627	-1.63668	0.0	0.7446	0.02485	0.00176	-0.74158	0.22115	256.48229	0.01489	0.01481	0.00951	0.16932	0.39533	0.0	0.01672	0.00927	0.00138	0.11388	0.0188
sim186	0.4	0.5	0.05	0.05	1229.62	0.03697	0.071	0.01763	0.44895	-1.39833	0.0	0.74315	0.03077	0.00199	-0.72184	0.22889	215.96117	0.0096	0.01247	0.00883	0.14751	0.35099	0.0	0.01514	0.00842	0.00197	0.11879	0.01564
sim187	0.65	0.2	0.05	0.1	1509.59	0.04225	0.08716	0.02013	0.42446	-1.50569	0.0	0.74398	0.02726	0.00212	-0.72087	0.22594	257.22046	0.01494	0.01485	0.01152	0.19488	0.45924	0.0	0.01454	0.01184	0.00197	0.13596	0.02074
sim188	0.0	0.9	0.05	0.05	906.3	0.0279	0.05233	0.01293	0.47476	-1.33295	0.0	0.73963	0.03404	0.00255	-0.70693	0.22393	187.76939	0.00807	0.01084	0.00728	0.16136	0.48891	0.0	0.0173	0.01327	0.00294	0.14692	0.01251
sim189	0.4	0.55	0.0	0.05	1355.05	0.04474	0.07824	0.02033	0.51358	-1.25155	0.0	0.7439	0.03595	0.00273	-0.68902	0.22481	226.71289	0.01428	0.01309	0.0119	0.16187	0.49085	0.0	0.01543	0.01364	0.00342	0.15461	0.01919
sim190	0.1	0.6	0.15	0.15	840.65	0.01585	0.04854	0.00686	0.31334	-1.95788	0.0	0.74238	0.01816	0.00082	-0.82064	0.21317	146.29363	0.00458	0.00845	0.00385	0.10278	0.28366	0.0	0.01624	0.00513	0.00078	0.0821	0.00933
sim192	0.75	0.0	0.15	0.1	1272.44	0.02954	0.07347	0.0143	0.34372	-1.74432	0.0	0.74369	0.02182	0.00142	-0.76806	0.23486	221.57003	0.00944	0.01279	0.00828	0.13592	0.35853	0.0	0.0167	0.00717	0.00127	0.10868	0.01607
sim194	0.35	0.25	0.15	0.25	833.79	0.01244	0.04814	0.00503	0.25702	-2.15855	0.0	0.74286	0.01437	0.0006	-0.85082	0.20513	138.12681	0.00446	0.00798	0.0038	0.07339	0.28112	0.0	0.01575	0.00427	0.00094	0.08892	0.01035
sim195	0.1	0.35	0.35	0.2	567.88	0.00932	0.03279	0.00386	0.2786	-2.0815	0.0	0.74075	0.01633	0.00064	-0.84474	0.18441	111.0693	0.00316	0.00641	0.00279	0.08387	0.25461	0.0	0.01751	0.00411	0.00066	0.07557	0.00809
sim197	0.4	0.4	0.15	0.05	1045.25	0.02559	0.06035	0.01184	0.38317	-1.67032	0.0	0.73984	0.02471	0.00145	-0.76404	0.23308	205.35805	0.00787	0.01186	0.00662	0.13043	0.35668	0.0	0.01551	0.00789	0.00129	0.107	0.01254
sim199	0.45	0.25	0.15	0.15	1027.78	0.02015	0.05934	0.00898	0.31517	-1.92433	0.0	0.74085	0.01842	0.00111	-0.79468	0.22227	192.65506	0.00742	0.01112	0.00577	0.10343	0.35754	0.0	0.01681	0.00621	0.00111	0.10686	0.01217
sim200	0.75	0.0	0.1	0.15	1356.32	0.02739	0.07831	0.01266	0.31427	-1.90932	0.0	0.74403	0.0184	0.00107	-0.80421	0.23354	216.28516	0.01043	0.01249	0.00908	0.12619	0.35374	0.0	0.01598	0.00651	0.00105	0.10514	0.01741
sim201	0.7	0.0	0.05	0.25	1280.83	0.02157	0.07395	0.00918	0.2828	-2.06895	0.0	0.74665	0.01548	0.00083	-0.83421	0.22272	186.98555	0.00961	0.0108	0.00762	0.13094	0.40172	0.0	0.01667	0.0068	0.00107	0.11113	0.01505
sim202	0.85	0.0	0.1	0.05	1686.82	0.04997	0.0974	0.02504	0.42811	-1.41234	0.0	0.7437	0.0302	0.00223	-0.70997	0.23277	286.91949	0.01406	0.01657	0.01187	0.18029	0.43354	0.0	0.01524	0.01339	0.00218	0.13323	0.02081
sim203	0.45	0.5	0.0	0.05	1417.22	0.04602	0.08183	0.01969	0.52753	-1.29255	0.0	0.7436	0.03574	0.00234	-0.69796	0.22573	262.69203	0.01533	0.01517	0.00973	0.17553	0.41272	0.0	0.01351	0.01168	0.00214	0.12091	0.01956
sim204	0.3	0.1	0.5	0.1	531.88	0.00996	0.03071	0.0043	0.3061	-1.94129	0.0	0.73789	0.01923	0.00095	-0.80591	0.19105	116.04738	0.00308	0.0067	0.00243	0.10111	0.32579	0.0	0.01811	0.0053	0.00096	0.09354	0.00868
sim205	0.6	0.25	0.1	0.05	1348.32	0.03779	0.07785	0.01721	0.43874	-1.49641	0.0	0.74271	0.02803	0.00192	-0.72898	0.23443	202.35052	0.01198	0.01168	0.00936	0.1695	0.4508	0.0	0.01615	0.01182	0.00209	0.12563	0.01782
sim206	0.0	0.1	0.4	0.5	263.82	0.00388	0.01523	0.00163	0.24228	-2.14364	0.0	0.73996	0.01479	0.00052	-0.85006	0.11915	44.07051	0.00141	0.00254	0.00103	0.0921	0.26628	0.0	0.01474	0.00479	0.00078	0.08336	0.00709
sim207	0.0	0.55	0.0	0.45	653.32	0.0079	0.03772	0.00228	0.24766	-2.3044	0.0	0.74486	0.01217	0.00033	-0.88651	0.17711	83.70703	0.00251	0.00483	0.00236	0.06119	0.20884	0.0	0.01627	0.00254	0.00049	0.05703	0.00757
sim211	0.45	0.3	0.05	0.2	1181.54	0.02209	0.06822	0.00925	0.31361	-1.98945	0.0	0.74261	0.01695	0.00093	-0.80922	0.22153	223.08011	0.00904	0.01288	0.0064	0.0992	0.32023	0.0	0.01593	0.00508	0.00092	0.09331	0.01325
sim212	0.05	0.65	0.2	0.1	768.02	0.01602	0.04435	0.00732	0.3305	-1.85081	0.0	0.73657	0.02155	0.00131	-0.78311	0.21551	151.67236	0.0061	0.00876	0.00489	0.10754	0.39372	0.0	0.01771	0.00841	0.00151	0.12257	0.01018
sim213	0.65	0.1	0.05	0.2	1370.99	0.02669	0.07916	0.01159	0.31666	-1.94348	0.0	0.746	0.01686	0.00098	-0.81086	0.22505	197.76246	0.0108	0.01142	0.00753	0.13932	0.37428	0.0	0.01568	0.00587	0.00099	0.10917	0.0153
sim215	0.15	0.15	0.05	0.65	308.05	0.00416	0.01779	0.00143	0.25323	-2.207	0.0	0.74334	0.01416	0.00042	-0.86562	0.13351	42.08058	0.00106	0.00243	0.00094	0.0673	0.19668	0.0	0.01612	0.00267	0.00041	0.06253	0.00612
sim216	0.75	0.1	0.1	0.05	1486.31	0.03944	0.08582	0.02027	0.37563	-1.58039	0.0	0.74416	0.02608	0.00175	-0.74276	0.2385	235.30598	0.01133	0.01359	0.01073	0.12496	0.35753	0.0	0.01384	0.00977	0.0017	0.11721	0.01744
sim217	0.7	0.0	0.0	0.3	1313.29	0.02034	0.07583	0.00825	0.26489	-2.13583	0.0	0.74563	0.0141	0.00065	-0.85698	0.22306	211.39614	0.009	0.01221	0.00722	0.11208	0.35731	0.0	0.01466	0.00596	0.00081	0.09095	0.01489
sim218	0.25	0.6	0.1	0.05	1015.76	0.02638	0.05865	0.01282	0.38556	-1.59516	0.0	0.74043	0.0262	0.00188	-0.74276	0.23096	218.9533	0.00921	0.01264	0.00783	0.1291	0.42853	0.0	0.01694	0.00906	0.00218	0.1334	0.01389
sim219	0.35	0.45	0.05	0.15	1145.77	0.02544	0.06616	0.01172	0.3496	-1.78537	0.0	0.7439	0.021	0.00134	-0.7836	0.22282	215.07888	0.00937	0.01242	0.00797	0.1367	0.41126	0.0	0.01568	0.00878	0.00143	0.11617	0.01522
sim220	0.25	0.05	0.35	0.35	451.52	0.00656	0.02607	0.00233	0.26725	-2.16828	0.0	0.74135	0.01451	0.00056	-0.84724	0.15968	78.91556	0.00218	0.00456	0.00145	0.07794	0.24152	0.0	0.01926	0.00337	0.00058	0.07325	0.008
sim221	0.7	0.05	0.1	0.15	1278.38	0.02871	0.07381	0.01424	0.32598	-1.78641	0.0	0.74424	0.02007	0.00141	-0.77104	0.22758	240.19448	0.00962	0.01387	0.00894	0.10738	0.35805	0.0	0.01677	0.00661	0.00149	0.11519	0.01497
sim222	0.75	0.05	0.15	0.05	1262.58	0.03239	0.0729	0.01646	0.36671	-1.60204	0.0	0.74144	0.02625	0.00196	-0.73568	0.24208	246.67503	0.01013	0.01424	0.00879	0.14666	0.44041	0.0	0.01427	0.01157	0.00219	0.14408	0.01538
sim223	0.6	0.0	0.3	0.1	846.36	0.01718	0.04887	0.00801	0.31485	-1.88434	0.0	0.73946	0.02056	0.00121	-0.7961	0.21854	150.90445	0.00721	0.00871	0.00503	0.15302	0.43882	0.0	0.01637	0.01114	0.00152	0.11342	0.0126
sim224	0.5	0.45	0.0	0.05	1489.76	0.05155	0.08602	0.02349	0.54016	-1.17006	0.0	0.74254	0.03882	0.00292	-0.66922	0.22369	249.50853	0.01708	0.01441	0.01247	0.2022	0.50033	0.0	0.01563	0.01446	0.00243	0.13322	0.02177
sim225	0.25	0.1	0.25	0.4	458.22	0.00668	0.02646	0.00248	0.26361	-2.16813	0.0	0.74021	0.01452	0.00055	-0.84787	0.16283	77.29108	0.00219	0.00446	0.00162	0.07995	0.24064	0.0	0.01613	0.00347	0.0007	0.07144	0.00774
sim227	0.15	0.45	0.2	0.2	754.42	0.01204	0.04356	0.00448	0.29067	-2.09953	0.0	0.73995	0.01584	0.00057	-0.85069	0.20582	137.10935	0.00353	0.00792	0.00319	0.0858	0.27357	0.0	0.01696	0.00459	0.00061	0.06832	0.00885
sim230	0.4	0.35	0.0	0.25	1153.58	0.01925	0.06661	0.00841	0.27301	-2.07547	0.0	0.74465	0.01511	0.00069	-0.84316	0.21823	193.87063	0.00743	0.01119	0.00657	0.09522	0.32081	0.0	0.01641	0.00405	0.00078	0.08973	0.01267
sim231	0.15	0.35	0.4	0.1	601.1	0.01102	0.03471	0.00498	0.28967	-1.97042	0.0	0.73891	0.0188	0.00088	-0.82511	0.1993	125.29654	0.00423	0.00723	0.00331	0.09774	0.36162	0.0	0.01821	0.00771	0.00109	0.10074	0.00937
sim232	0.3	0.5	0.0	0.2	1194.67	0.02362	0.06898	0.00926	0.34519	-1.93363	0.0	0.74639	0.0182	0.00092	-0.82192	0.21733	187.55395	0.01038	0.01083	0.00683	0.14457	0.37957	0.0	0.01665	0.0068	0.00098	0.09515	0.01472
sim233	0.15	0.35	0.35	0.15	613.2	0.01059	0.03541	0.00455	0.28723	-2.02332	0.0	0.74317	0.01748	0.00077	-0.83028	0.19474	121.08908	0.00363	0.00699	0.00291	0.11426	0.32594	0.0	0.01505	0.00535	0.00075	0.08446	0.00854
sim234	0.3	0.15	0.15	0.4	585.26	0.00807	0.03379	0.00285	0.25506	-2.22303	0.0	0.74504	0.01342	0.00041	-0.87268	0.17538	79.85576	0.0031	0.00461	0.00247	0.08014	0.23438	0.0	0.01453	0.00296	0.0004	0.06128	0.00776
sim235	0.05	0.4	0.05	0.5	498.37	0.00664	0.02878	0.00238	0.24547	-2.23477	0.0	0.74663	0.01301	0.00044	-0.86865	0.16246	70.1657	0.00219	0.00405	0.00208	0.06291	0.22781	0.0	0.01599	0.00287	0.00059	0.07068	0.00797
sim236	0.55	0.4	0.0	0.05	1553.06	0.05204	0.08967	0.02299	0.53497	-1.228	0.0	0.7441	0.03619	0.00242	-0.69374	0.22409	247.8208	0.01522	0.01431	0.01081	0.18447	0.4199	0.0	0.01428	0.01201	0.00206	0.11836	0.02024
sim237	0.4	0.5	0.0	0.1	1369.49	0.04177	0.07907	0.01902	0.48013	-1.37504	0.0	0.74346	0.03122	0.00232	-0.69928	0.21792	197.26573	0.01197	0.01139	0.01047	0.16177	0.43814	0.0	0.01368	0.01234	0.00236	0.12853	0.01783
sim238	0.45	0.5	0.0	0.05	1429.39	0.04856	0.08253	0.02013	0.56822	-1.21757	0.0	0.74407	0.03841	0.00266	-0.6826	0.22554	264.75683	0.01617	0.01529	0.01141	0.19371	0.42089	0.0	0.01405	0.0119	0.00218	0.11771	0.02097
sim239	0.25	0.35	0.15	0.25	818.47	0.01178	0.04726	0.00423	0.2665	-2.19338	0.0	0.74202	0.01404	0.00045	-0.86606	0.20234	130.27713	0.00409	0.00752	0.003	0.0783	0.23829	0.0	0.01722	0.00349	0.00045	0.06321	0.00991
sim240	0.3	0.65	0.0	0.05	1207.04	0.04043	0.06969	0.0187	0.51479	-1.22968	0.0	0.74196	0.03883	0.00294	-0.67003	0.22331	243.3249	0.01333	0.01405	0.0111	0.1551	0.45083	0.0	0.0155	0.01443	0.00318	0.14928	0.02082
sim242	0.6	0.1	0.1	0.2	1156.4	0.02062	0.06677	0.00969	0.2744	-2.02225	0.0	0.74556	0.01597	0.00085	-0.82668	0.2225	177.72962	0.00749	0.01026	0.00673	0.09825	0.3165	0.0	0.01417	0.00509	0.0009	0.10078	0.0131
sim243	0.75	0.1	0.1	0.05	1483.45	0.04204	0.08565	0.02046	0.41704	-1.47242	0.0	0.74052	0.02898	0.00234	-0.71411	0.23516	266.35836	0.01408	0.01538	0.01176	0.15989	0.4802	0.0	0.01492	0.01542	0.00257	0.14507	0.02006
sim244	0.2	0.1	0.45	0.25	452.8	0.00684	0.02614	0.00285	0.25478	-2.13748	0.0	0.74144	0.01458	0.00049	-0.85482	0.16592	72.29723	0.00204	0.00417	0.00186	0.06981	0.24371	0.0	0.01557	0.00309	0.00049	0.06677	0.00736
sim245	0.4	0.55	0.0	0.05	1376.52	0.04646	0.07948	0.02036	0.54524	-1.22085	0.0	0.74337	0.03781	0.0025	-0.68575	0.22339	205.20797	0.01529	0.01185	0.01231	0.1707	0.45897	0.0	0.01554	0.0145	0.00206	0.11663	0.02112
sim246	0.35	0.2	0.05	0.4	741.34	0.01005	0.0428	0.00381	0.24289	-2.22901	0.0	0.74673	0.01289	0.0004	-0.87714	0.18986	116.09124	0.00399	0.0067	0.00356	0.07568	0.27279	0.0	0.01643	0.00331	0.00045	0.06548	0.01038
sim247	0.1	0.35	0.5	0.05	537.47	0.01068	0.03103	0.0046	0.32895	-1.89305	0.0	0.73691	0.02099	0.00092	-0.81097	0.19631	115.63408	0.00376	0.00668	0.00291	0.1304	0.34576	0.0	0.01598	0.00812	0.00095	0.08945	0.00839
sim248	0.5	0.15	0.05	0.3	1030.06	0.01486	0.05948	0.00606	0.24704	-2.19239	0.0	0.74275	0.01354	0.00056	-0.85676	0.21154	151.2709	0.00535	0.00873	0.00472	0.07803	0.26044	0.0	0.01526	0.00407	0.00057	0.07866	0.00985
sim249	0.5	0.05	0.1	0.35	767.08	0.01062	0.04429	0.00444	0.23262	-2.21151	0.0	0.74517	0.01347	0.00054	-0.86298	0.19822	114.38387	0.00366	0.0066	0.00343	0.06844	0.27163	0.0	0.01591	0.00484	0.00077	0.08832	0.0086
sim250	0.15	0.55	0.15	0.15	865.6	0.01543	0.04998	0.00672	0.2935	-2.00884	0.0	0.7419	0.01725	0.0008	-0.83085	0.21576	156.1874	0.00468	0.00902	0.0042	0.10266	0.28877	0.0	0.01569	0.00501	0.00087	0.09115	0.00977
sim251	0.15	0.35	0.2	0.3	637.09	0.00962	0.03679	0.00379	0.26324	-2.15385	0.0	0.74435	0.01419	0.0005	-0.86072	0.18592	105.59902	0.0035	0.0061	0.00292	0.07519	0.25847	0.0	0.01641	0.00342	0.00058	0.0721	0.00876
sim252	0.4	0.25	0.15	0.2	909.03	0.01606	0.05249	0.00657	0.30223	-2.01897	0.0	0.7437	0.01666	0.00075	-0.83372	0.2142	142.2093	0.00636	0.00821	0.00481	0.11928	0.37379	0.0	0.01797	0.00605	0.00083	0.08821	0.0119
sim253	0.0	0.6	0.2	0.2	693.56	0.01173	0.04005	0.00444	0.30502	-2.055	0.0	0.74021	0.01672	0.00068	-0.83827	0.19979	118.34459	0.00373	0.00683	0.00284	0.09005	0.26578	0.0	0.01797	0.00488	0.00065	0.07371	0.00905
sim254	0.1	0.8	0.05	0.05	967.62	0.02842	0.05587	0.01269	0.46507	-1.42162	0.0	0.74083	0.03127	0.00224	-0.71502	0.22818	189.53669	0.00951	0.01094	0.00687	0.15786	0.45639	0.0	0.01436	0.01208	0.00209	0.12799	0.0142
sim255	0.1	0.7	0.15	0.05	889.42	0.02224	0.05135	0.01027	0.39238	-1.64054	0.0	0.7396	0.02615	0.00153	-0.75899	0.22597	204.51017	0.00787	0.01181	0.00565	0.15608	0.41862	0.0	0.01389	0.0094	0.00152	0.11023	0.01167
sim256	0.55	0.2	0.2	0.05	1094.12	0.02553	0.06317	0.01194	0.36023	-1.73357	0.0	0.74216	0.02263	0.0014	-0.775	0.23159	216.423	0.00833	0.0125	0.00645	0.1379	0.35364	0.0	0.01637	0.00818	0.00124	0.10554	0.01268
sim258	0.45	0.45	0.05	0.05	1225.17	0.0353	0.07074	0.01671	0.4353	-1.46363	0.0	0.74117	0.03019	0.00197	-0.72805	0.2348	207.97285	0.01092	0.01201	0.00857	0.15417	0.39841	0.0	0.01677	0.01113	0.00188	0.12559	0.01684
sim260	0.65	0.3	0.0	0.05	1851.29	0.06	0.10689	0.02439	0.54503	-1.30738	0.0	0.745	0.03564	0.00254	-0.68466	0.223	313.58666	0.02061	0.01811	0.01384	0.18752	0.39674	0.0	0.01684	0.01068	0.00223	0.1142	0.02591
sim261	0.45	0.3	0.0	0.25	1272.39	0.02102	0.07347	0.00819	0.29225	-2.09093	0.0	0.74476	0.01513	0.00072	-0.83773	0.21911	202.5101	0.00964	0.01169	0.00599	0.13207	0.36627	0.0	0.0165	0.00603	0.00079	0.09179	0.01382
sim262	0.0	0.25	0.35	0.4	375.49	0.00558	0.02168	0.00206	0.26752	-2.1487	0.0	0.74029	0.01463	0.00056	-0.84621	0.14437	58.13142	0.00171	0.00336	0.00139	0.08126	0.21946	0.0	0.01619	0.00307	0.00053	0.06933	0.00632
sim263	0.5	0.35	0.0	0.15	1429.19	0.03549	0.08252	0.01522	0.40678	-1.68332	0.0	0.74673	0.02361	0.00143	-0.76862	0.22296	208.49619	0.01374	0.01204	0.01001	0.15947	0.42949	0.0	0.0157	0.00916	0.00131	0.10594	0.01931
sim264	0.2	0.1	0.2	0.5	385.68	0.00526	0.02227	0.00189	0.25066	-2.21439	0.0	0.74455	0.01387	0.00037	-0.8708	0.14773	54.40289	0.00142	0.00314	0.00125	0.06624	0.17722	0.0	0.01559	0.00256	0.00033	0.05135	0.00633
sim266	0.3	0.55	0.0	0.15	1240.19	0.03038	0.07161	0.01326	0.40045	-1.69757	0.0	0.74403	0.02362	0.0014	-0.77024	0.21857	187.7638	0.01123	0.01084	0.0086	0.1536	0.39286	0.0	0.01516	0.00978	0.00134	0.10778	0.01523
sim267	0.55	0.3	0.1	0.05	1201.37	0.03345	0.06937	0.01596	0.41625	-1.5203	0.0	0.74092	0.02806	0.0019	-0.7381	0.23682	209.72539	0.01222	0.01211	0.00923	0.15502	0.44572	0.0	0.01562	0.01119	0.00186	0.12773	0.0169
sim268	0.05	0.1	0.35	0.5	286.18	0.00398	0.01652	0.00149	0.24549	-2.1921	0.0	0.74177	0.0141	0.00043	-0.86296	0.12623	40.94746	0.0013	0.00236	0.00097	0.07113	0.21359	0.0	0.01521	0.00273	0.00044	0.06713	0.00668
sim269	0.7	0.0	0.0	0.3	1323.77	0.02078	0.07643	0.00904	0.25429	-2.13384	0.0	0.74562	0.01384	0.0007	-0.8459	0.22019	226.37954	0.00918	0.01307	0.00778	0.10406	0.33198	0.0	0.01523	0.00504	0.00081	0.09431	0.015
sim270	0.65	0.3	0.0	0.05	1798.56	0.06134	0.10385	0.02543	0.57066	-1.2282	0.0	0.74312	0.03813	0.00288	-0.66595	0.22243	315.70483	0.02334	0.01823	0.01574	0.17667	0.43709	0.0	0.01688	0.0141	0.00246	0.12345	0.02866
sim271	0.25	0.05	0.4	0.3	462.6	0.00681	0.02671	0.00263	0.25951	-2.16543	0.0	0.74144	0.01444	0.00045	-0.85924	0.16319	63.20833	0.00195	0.00365	0.0017	0.06939	0.20405	0.0	0.01649	0.00289	0.00047	0.06356	0.00748
sim272	0.1	0.7	0.0	0.2	1081.29	0.02179	0.06243	0.00887	0.34366	-1.91156	0.0	0.74141	0.01845	0.00109	-0.79925	0.21077	180.26923	0.00916	0.01041	0.00655	0.12204	0.37548	0.0	0.01577	0.00629	0.00113	0.107	0.01383
sim273	0.0	0.95	0.0	0.05	939.38	0.03203	0.05424	0.01459	0.53575	-1.19305	0.0	0.74023	0.03954	0.00276	-0.68331	0.22132	146.198	0.00963	0.00844	0.00886	0.15601	0.46811	0.0	0.01557	0.01402	0.00318	0.13061	0.0149
sim274	0.1	0.65	0.1	0.15	922.82	0.01869	0.05328	0.00808	0.3331	-1.89358	0.0	0.7426	0.01961	0.00107	-0.79967	0.21783	158.2143	0.00705	0.00914	0.00511	0.15104	0.3795	0.0	0.01392	0.00928	0.00133	0.10502	0.01127
sim275	0.0	0.45	0.4	0.15	531.99	0.01014	0.03072	0.00467	0.29875	-1.93303	0.0	0.73931	0.0187	0.00091	-0.8086	0.18467	118.98803	0.00373	0.00687	0.00321	0.10654	0.32722	0.0	0.01633	0.00583	0.00094	0.09824	0.00981
sim276	0.7	0.15	0.05	0.1	1540.72	0.04064	0.08896	0.01955	0.39706	-1.59325	0.0	0.7443	0.02665	0.00194	-0.7309	0.22904	248.42274	0.01546	0.01434	0.01134	0.16359	0.44949	0.0	0.01738	0.0126	0.00176	0.12676	0.02047
sim277	0.25	0.25	0.0	0.5	579.01	0.00732	0.03343	0.00225	0.25232	-2.27056	0.0	0.74552	0.01274	0.00037	-0.87794	0.17408	78.12765	0.00188	0.00451	0.00166	0.05927	0.19244	0.0	0.01389	0.00268	0.00045	0.06118	0.00782
sim278	0.05	0.8	0.0	0.15	1043.38	0.02492	0.06024	0.0114	0.37235	-1.72344	0.0	0.74443	0.02345	0.00134	-0.77885	0.21417	193.48786	0.00947	0.01117	0.00803	0.11392	0.37757	0.0	0.0146	0.00825	0.00148	0.10892	0.01513
sim279	0.4	0.2	0.05	0.35	872.24	0.01278	0.05036	0.00546	0.24143	-2.17784	0.0	0.74584	0.0132	0.00053	-0.86383	0.19924	138.96232	0.00455	0.00802	0.00431	0.07409	0.27556	0.0	0.01671	0.00379	0.00077	0.08071	0.0102
sim280	0.1	0.35	0.35	0.2	564.69	0.00944	0.03261	0.00411	0.27021	-2.06537	0.0	0.7423	0.01611	0.00062	-0.84023	0.18339	110.95915	0.00319	0.00641	0.00248	0.08722	0.26135	0.0	0.01476	0.00384	0.00067	0.07892	0.0081
sim281	0.35	0.55	0.0	0.1	1280.98	0.03702	0.07396	0.01646	0.46173	-1.46093	0.0	0.7433	0.03023	0.00221	-0.70891	0.22141	237.00705	0.01174	0.01368	0.00881	0.16227	0.39303	0.0	0.01523	0.01002	0.00205	0.12507	0.01793
sim282	0.65	0.0	0.25	0.1	959.52	0.01817	0.0554	0.00823	0.30229	-1.94987	0.0	0.73991	0.01822	0.001	-0.81168	0.22696	177.84799	0.00606	0.01027	0.00564	0.09144	0.33485	0.0	0.01585	0.00593	0.00102	0.10201	0.0134
sim283	0.1	0.45	0.3	0.15	664.54	0.01185	0.03837	0.00525	0.28682	-2.00613	0.0	0.7418	0.0175	0.00072	-0.83673	0.19837	144.93666	0.00428	0.00837	0.00365	0.09053	0.30027	0.0	0.01688	0.0055	0.00082	0.08304	0.01011
sim284	0.15	0.6	0.0	0.25	1027.96	0.0184	0.05935	0.00834	0.28256	-2.01103	0.0	0.74348	0.01634	0.00088	-0.8222	0.2085	176.92867	0.0068	0.01022	0.00543	0.09664	0.33477	0.0	0.01482	0.0053	0.00104	0.10498	0.01198
sim285	0.15	0.65	0.15	0.05	892.55	0.02216	0.05154	0.01082	0.36665	-1.63598	0.0	0.74006	0.02604	0.00157	-0.75838	0.22618	180.24357	0.00668	0.01041	0.00593	0.13372	0.42158	0.0	0.01588	0.01057	0.00195	0.12097	0.01332
sim286	0.75	0.15	0.05	0.05	1731.89	0.0547	0.1	0.02467	0.49847	-1.33567	0.0	0.74171	0.03226	0.00252	-0.68378	0.22766	298.56014	0.01929	0.01724	0.01485	0.17287	0.41922	0.0	0.01414	0.01156	0.00222	0.12519	0.02601
sim288	0.4	0.05	0.4	0.15	611.48	0.0109	0.03531	0.00466	0.29478	-2.01319	0.0	0.73809	0.01719	0.0008	-0.82333	0.19486	94.89766	0.00368	0.00548	0.00344	0.08632	0.28699	0.0	0.0152	0.00412	0.00081	0.08364	0.01015
sim289	0.25	0.1	0.15	0.5	423.76	0.00567	0.02447	0.00203	0.246	-2.22855	0.0	0.74689	0.01337	0.00037	-0.87318	0.15586	58.9249	0.00141	0.0034	0.00132	0.05975	0.17679	0.0	0.01599	0.00289	0.00046	0.0554	0.00709
sim290	0.5	0.25	0.0	0.25	1309.61	0.02252	0.07562	0.00947	0.28952	-2.04433	0.0	0.7476	0.01567	0.00079	-0.83683	0.21783	227.2128	0.00953	0.01312	0.00782	0.1196	0.37796	0.0	0.01606	0.00594	0.00097	0.10442	0.01559
sim291	0.15	0.8	0.0	0.05	1091.26	0.0377	0.06301	0.01746	0.53345	-1.16819	0.0	0.74004	0.03783	0.00297	-0.66464	0.22073	225.47062	0.01158	0.01302	0.01011	0.15762	0.43171	0.0	0.01625	0.01221	0.00307	0.15125	0.01561
sim293	0.45	0.35	0.1	0.1	1152.18	0.02666	0.06653	0.01246	0.35823	-1.74212	0.0	0.73948	0.02319	0.00142	-0.77472	0.2295	232.45012	0.00949	0.01342	0.00766	0.12444	0.38798	0.0	0.01697	0.01087	0.00145	0.11456	0.01502
sim294	0.15	0.7	0.1	0.05	946.18	0.02634	0.05463	0.0117	0.4485	-1.48144	0.0	0.74154	0.02941	0.00183	-0.72894	0.22767	211.63664	0.008	0.01222	0.00597	0.15715	0.44992	0.0	0.01706	0.01129	0.00175	0.11897	0.01289
sim295	0.7	0.25	0.0	0.05	1888.42	0.06198	0.10904	0.0239	0.58022	-1.27242	0.0	0.74147	0.03629	0.00277	-0.67565	0.22374	281.06188	0.01869	0.01623	0.01339	0.17513	0.40926	0.0	0.0152	0.01121	0.00198	0.11347	0.02371
sim296	0.2	0.2	0.15	0.45	490.08	0.00677	0.0283	0.00238	0.2567	-2.21194	0.0	0.74298	0.01354	0.00046	-0.86167	0.16327	73.42676	0.00214	0.00424	0.0016	0.0693	0.21302	0.0	0.0136	0.00299	0.00051	0.06234	0.00872
sim297	0.65	0.0	0.05	0.3	1116.24	0.01666	0.06445	0.00738	0.23963	-2.16928	0.0	0.74619	0.01322	0.0007	-0.84522	0.21692	184.75603	0.00685	0.01067	0.00635	0.06478	0.30523	0.0	0.01535	0.00377	0.00097	0.10428	0.01287
sim298	0.1	0.7	0.0	0.2	1029.52	0.02083	0.05944	0.00913	0.32738	-1.89185	0.0	0.7439	0.01911	0.00103	-0.81001	0.21194	165.10495	0.00696	0.00953	0.00599	0.1039	0.34219	0.0	0.01541	0.00581	0.00099	0.09766	0.01296
sim299	0.25	0.0	0.5	0.25	414.97	0.00693	0.02396	0.00294	0.27539	-2.06003	0.0	0.74053	0.01615	0.00058	-0.84119	0.16175	72.76924	0.00214	0.0042	0.00186	0.07444	0.23973	0.0	0.01494	0.00399	0.00066	0.07349	0.00805
sim300	0.0	0.95	0.0	0.05	994.28	0.03404	0.05741	0.01473	0.55858	-1.17319	0.0	0.73825	0.04009	0.00302	-0.66523	0.22031	192.01673	0.01132	0.01109	0.00831	0.18465	0.52736	0.0	0.01401	0.01707	0.00305	0.1423	0.01537
